col0 col1
2750.0000000000014 1.9746681082554842
2767.5876646598863 1.9594313240201608
2785.2878114827517 1.944597406613541
2803.101159849888 1.930151148243666
2821.028433743406 1.9160777641416606
2839.070361775653 1.9023628825911167
2857.22767721883 1.8889925351727075
2875.501118034782 1.87595314721964
2893.8914269050074 1.8632315284795844
2912.3993512608336 1.8508148639788577
2931.0256433137974 1.8386907050846923
2949.7710600862074 1.8268469607615125
2968.636363441927 1.8152718890172024
2987.6223201173298 1.803954088535471
3006.7297017524643 1.7928824904904717
3025.959284922406 1.7820463505399116
3045.3118511688353 1.7714352409929326
3064.788187031795 1.761039043149213
3084.389084081647 1.750847939805697
3104.1153389512606 1.7408524079274912
3123.9677533683807 1.731043211479547
3143.947134188216 1.7214113944157772
3164.0542934262194 1.7119482738223535
3184.29004829111 1.7026454332119654
3204.655221218075 1.6934947159659286
3225.1506399021996 1.6844882189210544
3245.777137332095 1.675618286098279
3266.5355518237748 1.666877502570079
3287.4267270547125 1.658258688463816
3308.451512098124 1.6497548930981547
3329.6107614574953 1.6413593892497729
3350.905335101299 1.6330656675476627
3372.33609849795 1.624867430992341
3393.903922650971 1.616758589597374
3415.609684134409 1.6087332551506242
3437.454265128449 1.6007857360927555
3459.4385534552785 1.5929105325105013
3481.563442615151 1.585102331242319
3503.8298318227257 1.5773560010940373
3526.2386260435983 1.5696665881622252
3548.7907360310887 1.5620293112629757
3571.487078363242 1.5544395574639336
3594.3285754801022 1.5468928777173385
3617.316155721192 1.5393849825920007
3640.4507533632313 1.531911738102102
3663.733308658133 1.5244691616307662
3687.1647678711984 1.5170534179464266
3710.7460833195883 1.5096608153099977
3734.4782134110087 1.5022878016709487
3758.3621226826886 1.49493096095038
3782.398781840564 1.4875870094092751
3806.589167798739 1.4802527921000999
3830.9342637191735 1.472925279400001
3855.4350590516665 1.4656015636238393
3880.092549574054 1.4582788557153912
3904.9077374326857 1.4509544820150255
3929.881631183143 1.4436258811022464
3955.0152458312486 1.4362906007114804
3980.309602874312 1.4289462947195661
4005.76573034263 1.421590720203405
4031.384662841294 1.414221734566257
4057.1674415922234 1.4068372927312325
4083.115114476492 1.399435444400524
4109.2287360769 1.3920143313789763
4135.509367720858 1.3845709220413724
4161.958077523508 1.3770968537876447
4188.575940431142 1.3695826243849438
4215.3640382648755 1.362019117216735
4242.323459764636 1.3543975909122876
4269.455300633401 1.3467096691801503
4296.760663581736 1.3389473308760822
4324.240658372594 1.3311029003004609
4351.896401866448 1.3231690377202536
4379.729018066666 1.3151387301107909
4407.739638165184 1.3070052821126263
4435.929400588505 1.2987623071988963
4464.299451043951 1.2904037190486741
4492.850942566235 1.2819237231219076
4521.58503556431 1.273316808431622
4550.50289786855 1.2645777395091387
4579.605704778203 1.2557015485581937
4608.894639109166 1.2466835277938642
4638.370891242036 1.2375192219623488
4668.035659170523 1.2282044210376806
4697.890148550115 1.2187381745865362
4727.935572747093 1.2091342478021612
4758.173152887826 1.1994103669088192
4788.6041179084295 1.1895836612794595
4819.229704604696 1.1796706774557526
4850.051157682348 1.1696873939075898
4881.069729807659 1.1596492354630192
4912.28668165834 1.1495710874155518
4943.703281974791 1.1394673093155676
4975.320807611644 1.1293517484524505
5007.140543589689 1.119237753033919
5039.1637831480775 1.1091381850689361
5071.3918277969 1.0990654329603964
5103.825987370054 1.089031423813715
5136.467580078516 1.079047635467262
5169.317932563895 1.0691251082505349
5202.37837995236 1.0592744564757803
5235.650265908883 1.049505879668703
5269.1349426918805 1.0398291735437453
5302.833771208158 1.0302537407293655
5336.748121068203 1.02078860124858
5370.879370641883 1.0114424027599425
5405.228907114444 1.002223430564057
5439.7981265429025 0.9931396173805768
5474.58843391276 0.9841985458630897
5509.601243195139 0.9754030545368073
5544.8379774042305 0.9667439809225942
5580.300068655139 0.9582104909912426
5615.988958222062 0.9497921153274836
5651.906096596908 0.9414787398550162
5688.05294354822 0.9332605967694619
5724.430968180516 0.9251282556748723
5761.041648993978 0.9170726149195217
5797.8864739445735 0.9090848931267898
5834.966940504514 0.901156620917042
5872.284555723099 0.8932796328164916
5909.840836288002 0.8854460593490852
5947.6373085868845 0.8776483193075795
5985.675508769453 0.8698791122000118
6023.956982809862 0.8621317517573266
6062.4832865695835 0.8544043876599203
6101.255985860624 0.8466985127926198
6140.276656509144 0.8390156378488934
6179.546884419546 0.8313572184754024
6219.068265638894 0.8237246566631797
6258.8424064218 0.8161193021079456
6298.870923295703 0.8085424535402113
6339.155443126548 0.8009953600258078
6379.697603184946 0.7934792222374354
6420.499051212694 0.7859951936978629
6461.561445489727 0.7785443819953557
6502.886454901551 0.7711278499719039
6544.475759007048 0.76374661688484
6586.33104810675 0.7564016595423866
6628.45402331151 0.7490939134136898
6670.8463966116815 0.7418242737138583
6713.509890946673 0.7345935964645521
6756.4462402749605 0.7274026995306251
6799.657189644597 0.7202523636333104
6843.144495264104 0.7131433333404718
6886.909924573865 0.7060763180343731
6930.9552563179595 0.6990519928574621
6975.282280616428 0.6920709996366194
7019.892799038072 0.6851339477863245
7064.788624673651 0.6782414151911986
7109.971582209553 0.6713939490683467
7155.443508001995 0.6645920668099293
7201.2062501516275 0.657836256806385
7247.261668578666 0.6511269792507107
7293.6116350984485 0.6444646669242083
7340.258033497556 0.6378497259640757
7387.202759610357 0.6312825366132456
7434.447721396032 0.6247634539528417
7481.994839016163 0.6182928086176175
7529.846044912747 0.6118709074947496
7578.003283886743 0.6054980344063348
7626.468513177117 0.5991744507759377
7675.243702540365 0.5929003962795418
7724.33083433061 0.5866760894812109
7773.731903580151 0.5805017284538223
7823.448918080521 0.5743774913851682
7873.4838984641365 0.5683035371697418
7923.8388782863885 0.5622800059865264
7974.51590410831 0.556307019863077
8025.517035579719 0.5503846832262018
8076.844345522982 0.5445130834395107
8128.499920017225 0.5386922913281422
8180.485858483104 0.5329223616909269
8232.80427376817 0.5272033338002577
8285.457292232717 0.5215352318899485
8338.447053836204 0.5159180656313248
8391.77571222424 0.5103518305978126
8445.445434816083 0.504836508718273
8499.458402892775 0.4993720687193176
8553.816811685772 0.4939584665568607
8608.522870466142 0.4885956458371349
8663.578802634402 0.4832835382273932
8718.986845810845 0.47802206385653623
8774.749251926516 0.4728111317058728
8830.868287314684 0.4676506399902461
8887.346232803013 0.4625404765297106
8944.185383806234 0.4574805191119944
9001.388050419408 0.45247063584593744
9058.95655751187 0.44751068550609757
9116.893244821684 0.44260051786873267
9175.200467050738 0.43773997403934206
9233.880593960459 0.43292888677195307
9292.936010468095 0.42816708078033716
9352.369116743697 0.4234543730413346
9412.182328307608 0.4187905730904656
9472.378076128689 0.4141754833099884
9532.958806723087 0.4096088992095889
9593.926982253686 0.40509060969985344
9655.285080630169 0.40062039735869026
9717.035595609701 0.39619803869085846
9779.181036898337 0.391823304380754
9841.723930252992 0.38749595953860844
9904.666817584068 0.3832157639402519
9968.012257058817 0.37898247226057197
10031.762823205281 0.374795834300824
10095.92110701693 0.3706555952099258
10160.489716057973 0.366561495699873
10225.471274569354 0.36251327225540503
10290.868423575323 0.35851065733806503
10356.683820990902 0.3545533795847571
10422.920141729828 0.350641164000951
10489.580077813283 0.3467737321486445
10556.666338479317 0.3429508023291995
10624.181650292943 0.3391720897611785
10692.128757256964 0.33543730675328853
10760.510420923512 0.33174616287254854
10829.329420506205 0.3280983651077918
10898.588552993218 0.3244936180286009
10968.290633260895 0.32093162393979513
11038.438494188149 0.3174120830315633
11109.034986771621 0.3139346935253457
11180.082980241537 0.3104991518155607
11251.585362178352 0.3071051526072808
11323.545038630013 0.30375238904994567
11395.964934230205 0.3004405528672014
11468.847992317133 0.2971693344829673
11542.197175053157 0.29393842314381197
11616.015463545196 0.2907475070377221
11690.305857965877 0.2875962734093609
11765.071377675475 0.2844844086718812
11840.315061344652 0.28141159851539205
11916.039967077857 0.2783775280121519
11992.249172537768 0.2753818817185547
12068.94577507027 0.2724243437740079
12146.132891830368 0.26950459799675647
12223.813659908883 0.2666223268960662
12301.991236459962 0.26377713387482005
12380.668798829309 0.2609684947590543
12459.849544683459 0.2581958810538899
12539.536692139645 0.25545877255311744
12619.733479896619 0.2527566572017569
12700.443167366271 0.2500890309609853
12781.669034806115 0.24745539767539323
12863.41438345259 0.24485526894252901
12945.682535655245 0.24228816398468572
13028.476835011796 0.2397536095228972
13111.800646503892 0.23725113965310407
13195.657356634065 0.23478029572444165
13280.050373563237 0.23234062621962293
13364.98312724928 0.22993168663737854
13450.459069586399 0.22755303937691063
13536.481674545481 0.22520425362432758
13623.054438315148 0.22288490524103563
13710.180879444037 0.22059457665402865
13797.864538983684 0.21833285674806968
13886.10898063247 0.21609934075971238
13974.917790880465 0.21389363017313529
14064.294579155181 0.2117153326177629
14154.242977968279 0.20956406176763037
14244.766643063202 0.2074394372424698
14335.869253563782 0.2053410845104876
14427.55451212365 0.20326863479279889
14519.826145076902 0.20122172496949087
14612.687902589427 0.19919999748728973
14706.143558811355 0.19720310026879917
14800.196912030447 0.19523068662328616
14894.851784826498 0.19328241515898198
14990.112024226579 0.19135794969687958
15085.981501861563 0.18945695918599095
15182.46411412337 0.18757911762004803
15279.563782323348 0.18572410395561795
15377.28445285165 0.18389160203160543
15475.63009733762 0.18208130049012472
15574.60471281122 0.18029289269870796
15674.21232186547 0.17852607667383513
15774.456972819979 0.1767805550057577
15875.34273988534 0.17505603478459675
15976.87372332892 0.1733522275276855
16079.05404964137 0.1716688491081444
16181.887871704374 0.17000561968466474
16285.379368959428 0.1683622636324694
16389.53274757774 0.16673850947545157
16494.35224063105 0.165134089819444
16599.842108263867 0.16354874128662333
16706.006637866478 0.16198220445101402
16812.850144249245 0.16043422377507927
16920.376969817957 0.15890454754738106
17028.591484750323 0.15739292782128375
17137.498087173582 0.15589912035469292
17247.101203343263 0.1544228845508019
17357.40528782312 0.1529639833998351
17468.41482366601 0.15152218342177018
17580.13432259634 0.15009725461001458
17692.568325193268 0.1486889703760314
17805.72140107531 0.14729710749489183
17919.598149086018 0.1459214460517349
18034.203197480972 0.14456176938912577
18149.541204115707 0.1432178640552946
18265.616856635253 0.1418895197532355
18382.434872664508 0.14057652929065942
18499.999999999996 0.13927868853078024
