  TARGET                RA         DEC       MJD  FILTER  APER       FLUX  FLUXERR         MAG   MAGERR  MAGSYS       ZP      SKY SKYERR  IMAGE
S2                177.39772    22.39578  56966.487   F105W   inf     0.9918   0.1986     26.2778   0.2174     AB   26.2688  -0.0009 0.0186  refsdal_f105w_e01-e00_sub_masked.fits
S2                177.39772    22.39578  56972.058   F105W   inf     1.3533   0.3321     25.9403   0.2664     AB   26.2688  -0.0005 0.0303  refsdal_f105w_e02-e00_sub_masked.fits
S2                177.39772    22.39578  56982.306   F105W   inf     1.0828   0.1812     26.1824   0.1817     AB   26.2688   0.0014 0.0135  refsdal_f105w_e03-e00_sub_masked.fits
S2                177.39772    22.39578  56982.306   F105W   inf     1.0806   0.1532     26.1847   0.1539     AB   26.2688   0.0013 0.0150  refsdal_f105w_e05-e00_sub_masked.fits
S2                177.39772    22.39578  57002.868   F105W   inf     1.9292   0.1000     25.5554   0.0563     AB   26.2688   0.0007 0.0084  refsdal_f105w_e11-e00_sub_masked.fits
S2                177.39772    22.39578  57006.982   F105W   inf     1.9108   0.1118     25.5658   0.0635     AB   26.2688   0.0021 0.0084  refsdal_f105w_e12-e00_sub_masked.fits
S2                177.39772    22.39578  57011.893   F105W   inf     1.9687   0.0768     25.5334   0.0424     AB   26.2688   0.0010 0.0083  refsdal_f105w_e13-e00_sub_masked.fits
S2                177.39772    22.39578  57014.879   F105W   inf     1.9686   0.0917     25.5334   0.0506     AB   26.2688   0.0005 0.0088  refsdal_f105w_e14-e00_sub_masked.fits
S2                177.39772    22.39578  57015.808   F105W   inf     2.1578   0.1058     25.4338   0.0532     AB   26.2688   0.0008 0.0085  refsdal_f105w_e15-e00_sub_masked.fits
S2                177.39772    22.39578  57006.982   F105W   inf     1.9290   0.1080     25.5555   0.0608     AB   26.2688   0.0019 0.0094  refsdal_f105w_e16-e00_sub_masked.fits
S2                177.39772    22.39578  57017.798   F105W   inf     2.1350   0.0776     25.4453   0.0395     AB   26.2688   0.0007 0.0084  refsdal_f105w_e17-e00_sub_masked.fits
S2                177.39772    22.39578  57020.583   F105W   inf     2.2861   0.0820     25.3711   0.0390     AB   26.2688   0.0007 0.0081  refsdal_f105w_e19-e00_sub_masked.fits
S2                177.39772    22.39578  57023.766   F105W   inf     2.4670   0.1197     25.2884   0.0527     AB   26.2688   0.0019 0.0083  refsdal_f105w_e20-e00_sub_masked.fits
S2                177.39772    22.39578  57025.557   F105W   inf     2.4141   0.1057     25.3119   0.0475     AB   26.2688   0.0008 0.0083  refsdal_f105w_e21-e00_sub_masked.fits
S2                177.39772    22.39578  57026.485   F105W   inf     2.3890   0.0880     25.3233   0.0400     AB   26.2688   0.0015 0.0080  refsdal_f105w_e22-e00_sub_masked.fits
S2                177.39772    22.39578  57027.812   F105W   inf     2.4371   0.0967     25.3017   0.0431     AB   26.2688   0.0008 0.0088  refsdal_f105w_e23-e00_sub_masked.fits
S2                177.39772    22.39578  57020.583   F105W   inf     2.0284   0.0598     25.5009   0.0320     AB   26.2688   0.0006 0.0090  refsdal_f105w_e24-e00_sub_masked.fits
S2                177.39772    22.39578  57023.766   F105W   inf     2.2325   0.0897     25.3968   0.0436     AB   26.2688   0.0019 0.0094  refsdal_f105w_e25-e00_sub_masked.fits
S2                177.39772    22.39578  57025.557   F105W   inf     2.1271   0.0860     25.4494   0.0439     AB   26.2688   0.0008 0.0089  refsdal_f105w_e26-e00_sub_masked.fits
S2                177.39772    22.39578  57026.485   F105W   inf     2.1665   0.0876     25.4294   0.0439     AB   26.2688   0.0017 0.0094  refsdal_f105w_e27-e00_sub_masked.fits
S2                177.39772    22.39578  57027.812   F105W   inf     2.4606   0.0877     25.2912   0.0387     AB   26.2688   0.0008 0.0103  refsdal_f105w_e28-e00_sub_masked.fits
S2                177.39772    22.39578  57132.096   F105W   inf     3.5550   0.1847     24.8917   0.0564     AB   26.2688  -0.0004 0.0186  refsdal_f105w_e34-e00_sub_masked.fits
S2                177.39772    22.39578  57149.065   F105W   inf     3.3977   0.1882     24.9409   0.0601     AB   26.2688   0.0007 0.0173  refsdal_f105w_e38-e00_sub_masked.fits
S2                177.39772    22.39578  57168.279   F105W   inf     2.9920   0.1380     25.0789   0.0501     AB   26.2688   0.0015 0.0140  refsdal_f105w_e39-e00_sub_masked.fits
S2                177.39772    22.39578  57208.058   F105W   inf     2.4692   0.2171     25.2874   0.0955     AB   26.2688   0.0040 0.0167  refsdal_f105w_e41-e00_sub_masked.fits
S2                177.39772    22.39578  57216.278   F105W   inf     2.4114   0.2088     25.3132   0.0940     AB   26.2688   0.0051 0.0138  refsdal_f105w_e42-e00_sub_masked.fits
S2                177.39772    22.39578  57524.472   F105W   inf     0.1418   0.1664     28.3899   1.2743     AB   26.2688   0.0010 0.0133  refsdal_f105w_e55-e00_sub_masked.fits
S2                177.39772    22.39578  56981.585   F125W   inf     1.8841   0.1253     25.5424   0.0722     AB   26.2302   0.0018 0.0103  refsdal_f125w_e03-e00_sub_masked.fits
S2                177.39772    22.39578  56983.177   F125W   inf     1.9295   0.0973     25.5166   0.0548     AB   26.2302   0.0016 0.0095  refsdal_f125w_e04-e00_sub_masked.fits
S2                177.39772    22.39578  56982.116   F125W   inf     1.9298   0.1001     25.5164   0.0563     AB   26.2302   0.0020 0.0115  refsdal_f125w_e05-e00_sub_masked.fits
S2                177.39772    22.39578  56990.896   F125W   inf     2.3911   0.1534     25.2837   0.0696     AB   26.2302   0.0015 0.0155  refsdal_f125w_e06-e00_sub_masked.fits
S2                177.39772    22.39578  56992.952   F125W   inf     2.1241   0.1491     25.4123   0.0762     AB   26.2302   0.0016 0.0159  refsdal_f125w_e07-e00_sub_masked.fits
S2                177.39772    22.39578  56994.013   F125W   inf     2.2649   0.1386     25.3426   0.0664     AB   26.2302   0.0029 0.0148  refsdal_f125w_e08-e00_sub_masked.fits
S2                177.39772    22.39578  56996.732   F125W   inf     2.0779   0.1450     25.4362   0.0757     AB   26.2302   0.0013 0.0158  refsdal_f125w_e09-e00_sub_masked.fits
S2                177.39772    22.39578  56999.816   F125W   inf     2.3102   0.1428     25.3211   0.0671     AB   26.2302   0.0017 0.0127  refsdal_f125w_e10-e00_sub_masked.fits
S2                177.39772    22.39578  56994.013   F125W   inf     2.3029   0.1977     25.3245   0.0932     AB   26.2302   0.0022 0.0164  refsdal_f125w_e11-e00_sub_masked.fits
S2                177.39772    22.39578  57005.862   F125W   inf     2.8167   0.1141     25.1059   0.0440     AB   26.2302   0.0027 0.0101  refsdal_f125w_e12-e00_sub_masked.fits
S2                177.39772    22.39578  56999.816   F125W   inf     2.3113   0.1071     25.3206   0.0503     AB   26.2302   0.0015 0.0138  refsdal_f125w_e13-e00_sub_masked.fits
S2                177.39772    22.39578  57005.862   F125W   inf     2.8282   0.1056     25.1014   0.0405     AB   26.2302   0.0027 0.0113  refsdal_f125w_e15-e00_sub_masked.fits
S2                177.39772    22.39578  57019.942   F125W   inf     2.6859   0.2775     25.1575   0.1122     AB   26.2302   0.0012 0.0245  refsdal_f125w_e18-e00_sub_masked.fits
S2                177.39772    22.39578  57021.301   F125W   inf     3.1069   0.2577     24.9994   0.0900     AB   26.2302   0.0026 0.0221  refsdal_f125w_e19-e00_sub_masked.fits
S2                177.39772    22.39578  57025.811   F125W   inf     3.0206   0.1982     25.0300   0.0712     AB   26.2302   0.0032 0.0160  refsdal_f125w_e21-e00_sub_masked.fits
S2                177.39772    22.39578  57026.905   F125W   inf     3.3809   0.3428     24.9076   0.1101     AB   26.2302   0.0032 0.0270  refsdal_f125w_e22-e00_sub_masked.fits
S2                177.39772    22.39578  57019.942   F125W   inf     2.7493   0.3224     25.1322   0.1273     AB   26.2302   0.0010 0.0252  refsdal_f125w_e23-e00_sub_masked.fits
S2                177.39772    22.39578  57029.544   F125W   inf     3.0110   0.1083     25.0334   0.0390     AB   26.2302   0.0030 0.0102  refsdal_f125w_e24-e00_sub_masked.fits
S2                177.39772    22.39578  57033.945   F125W   inf     3.7236   0.1680     24.8028   0.0490     AB   26.2302  -0.0002 0.0152  refsdal_f125w_e25-e00_sub_masked.fits
S2                177.39772    22.39578  57036.599   F125W   inf     4.1669   0.2201     24.6807   0.0574     AB   26.2302   0.0017 0.0157  refsdal_f125w_e26-e00_sub_masked.fits
S2                177.39772    22.39578  57044.689   F125W   inf     4.0275   0.1706     24.7176   0.0460     AB   26.2302  -0.0004 0.0147  refsdal_f125w_e27-e00_sub_masked.fits
S2                177.39772    22.39578  57049.198   F125W   inf     3.9994   0.1729     24.7252   0.0469     AB   26.2302   0.0003 0.0163  refsdal_f125w_e28-e00_sub_masked.fits
S2                177.39772    22.39578  57062.359   F125W   inf     4.4561   0.1473     24.6078   0.0359     AB   26.2302   0.0019 0.0146  refsdal_f125w_e29-e00_sub_masked.fits
S2                177.39772    22.39578  57076.391   F125W   inf     4.6262   0.1865     24.5672   0.0438     AB   26.2302   0.0017 0.0146  refsdal_f125w_e30-e00_sub_masked.fits
S2                177.39772    22.39578  57090.387   F125W   inf     5.0145   0.1661     24.4797   0.0360     AB   26.2302  -0.0002 0.0149  refsdal_f125w_e31-e00_sub_masked.fits
S2                177.39772    22.39578  57104.270   F125W   inf     2.5906   0.1796     25.1967   0.0753     AB   26.2302   0.0005 0.0143  refsdal_f125w_e32-e00_sub_masked.fits
S2                177.39772    22.39578  57118.141   F125W   inf     2.8706   0.1629     25.0853   0.0616     AB   26.2302  -0.0004 0.0139  refsdal_f125w_e33-e00_sub_masked.fits
S2                177.39772    22.39578  57132.086   F125W   inf     4.9123   0.2551     24.5020   0.0564     AB   26.2302   0.0024 0.0193  refsdal_f125w_e34-e00_sub_masked.fits
S2                177.39772    22.39578  57076.391   F125W   inf     4.7152   0.1420     24.5465   0.0327     AB   26.2302   0.0019 0.0151  refsdal_f125w_e35-e00_sub_masked.fits
S2                177.39772    22.39578  57090.387   F125W   inf     4.9963   0.1615     24.4836   0.0351     AB   26.2302  -0.0004 0.0164  refsdal_f125w_e36-e00_sub_masked.fits
S2                177.39772    22.39578  57104.270   F125W   inf     2.2889   0.2008     25.3311   0.0952     AB   26.2302   0.0003 0.0165  refsdal_f125w_e37-e00_sub_masked.fits
S2                177.39772    22.39578  57149.055   F125W   inf     4.7787   0.2222     24.5319   0.0505     AB   26.2302   0.0008 0.0188  refsdal_f125w_e38-e00_sub_masked.fits
S2                177.39772    22.39578  57132.086   F125W   inf     4.9236   0.2071     24.4995   0.0457     AB   26.2302   0.0024 0.0195  refsdal_f125w_e39-e00_sub_masked.fits
S2                177.39772    22.39578  57188.170   F125W   inf     4.0430   0.2675     24.7135   0.0718     AB   26.2302   0.0062 0.0165  refsdal_f125w_e40-e00_sub_masked.fits
S2                177.39772    22.39578  57216.204   F125W   inf     3.3360   0.2733     24.9222   0.0889     AB   26.2302   0.0034 0.0231  refsdal_f125w_e42-e00_sub_despiked.fits
S2                177.39772    22.39578  57223.959   F125W   inf     3.2742   0.1627     24.9424   0.0540     AB   26.2302   0.0028 0.0233  refsdal_f125w_e43-e00_sub_despiked.fits
S2                177.39772    22.39578  57325.824   F125W   inf     0.7991   0.1750     26.4737   0.2377     AB   26.2302   0.0004 0.0161  refsdal_f125w_e44-e00_sub_masked.fits
S2                177.39772    22.39578  57340.937   F125W   inf     0.9209   0.1577     26.3197   0.1859     AB   26.2302   0.0004 0.0175  refsdal_f125w_e45-e00_sub_masked.fits
S2                177.39772    22.39578  57367.044   F125W   inf     0.9308   0.1442     26.3080   0.1682     AB   26.2302   0.0006 0.0156  refsdal_f125w_e46-e00_sub_masked.fits
S2                177.39772    22.39578  57402.112   F125W   inf     0.8644   0.1496     26.3884   0.1879     AB   26.2302  -0.0006 0.0152  refsdal_f125w_e47-e00_sub_masked.fits
S2                177.39772    22.39578  57428.433   F125W   inf     0.8434   0.1442     26.4151   0.1857     AB   26.2302  -0.0014 0.0126  refsdal_f125w_e48-e00_sub_masked.fits
S2                177.39772    22.39578  57444.575   F125W   inf     0.6855   0.1395     26.6402   0.2209     AB   26.2302   0.0007 0.0139  refsdal_f125w_e49-e00_sub_masked.fits
S2                177.39772    22.39578  57459.026   F125W   inf     0.4701   0.1488     27.0498   0.3438     AB   26.2302   0.0004 0.0155  refsdal_f125w_e50-e00_sub_masked.fits
S2                177.39772    22.39578  57472.528   F125W   inf     0.5681   0.1976     26.8441   0.3776     AB   26.2302   0.0019 0.0161  refsdal_f125w_e51-e00_sub_masked.fits
S2                177.39772    22.39578  57493.261   F125W   inf     0.6347   0.1721     26.7239   0.2945     AB   26.2302   0.0001 0.0160  refsdal_f125w_e52-e00_sub_masked.fits
S2                177.39772    22.39578  57507.527   F125W   inf     0.3643   0.1927     27.3266   0.5744     AB   26.2302   0.0010 0.0152  refsdal_f125w_e53-e00_sub_masked.fits
S2                177.39772    22.39578  57521.267   F125W   inf     0.2725   0.1599     27.6416   0.6370     AB   26.2302   0.0007 0.0153  refsdal_f125w_e54-e00_sub_masked.fits
S2                177.39772    22.39578  57524.475   F125W   inf     0.2753   0.1521     27.6306   0.5996     AB   26.2302   0.0012 0.0151  refsdal_f125w_e55-e00_sub_masked.fits
S2                177.39772    22.39578  57524.607   F125W   inf     0.3420   0.1419     27.3952   0.4506     AB   26.2302   0.0024 0.0119  refsdal_f125w_e56-e00_sub_masked.fits
S2                177.39772    22.39578  57527.183   F125W   inf     0.3055   0.1658     27.5176   0.5893     AB   26.2302   0.0013 0.0154  refsdal_f125w_e57-e00_sub_masked.fits
S2                177.39772    22.39578  57532.018   F125W   inf     0.6232   0.2249     26.7437   0.3918     AB   26.2302   0.0032 0.0177  refsdal_f125w_e58-e00_sub_masked.fits
S2                177.39772    22.39578  57534.270   F125W   inf     0.3927   0.1489     27.2449   0.4117     AB   26.2302   0.0008 0.0160  refsdal_f125w_e59-e00_sub_masked.fits
S2                177.39772    22.39578  57536.058   F125W   inf     0.5306   0.1836     26.9182   0.3756     AB   26.2302   0.0011 0.0167  refsdal_f125w_e60-e00_sub_masked.fits
S2                177.39772    22.39578  57537.052   F125W   inf     0.4924   0.1525     26.9995   0.3362     AB   26.2302   0.0013 0.0159  refsdal_f125w_e61-e00_sub_masked.fits
S2                177.39772    22.39578  57538.310   F125W   inf     0.5802   0.1515     26.8213   0.2835     AB   26.2302  -0.0013 0.0160  refsdal_f125w_e62-e00_sub_masked.fits
S2                177.39772    22.39578  57541.093   F125W   inf     0.4288   0.1395     27.1495   0.3532     AB   26.2302   0.0007 0.0147  refsdal_f125w_e63-e00_sub_masked.fits
S2                177.39772    22.39578  57545.067   F125W   inf     0.0991   0.3671     28.7403   4.0223     AB   26.2302   0.0045 0.0180  refsdal_f125w_e64-e00_sub_masked.fits
S2                177.39772    22.39578  57547.054   F125W   inf     0.0439   0.3878     29.6244   9.5930     AB   26.2302   0.0077 0.0185  refsdal_f125w_e65-e00_sub_masked.fits
S2                177.39772    22.39578  57549.005   F125W   inf     0.2408   0.3257     27.7761   1.4687     AB   26.2302   0.0048 0.0171  refsdal_f125w_e66-e00_sub_masked.fits
S2                177.39772    22.39578  57550.039   F125W   inf     0.3865   0.2581     27.2624   0.7251     AB   26.2302   0.0040 0.0171  refsdal_f125w_e67-e00_sub_masked.fits
S2                177.39772    22.39578  57551.666   F125W   inf     0.2830   0.2860     27.6006   1.0970     AB   26.2302   0.0057 0.0181  refsdal_f125w_e68-e00_sub_masked.fits
S2                177.39772    22.39578  57553.731   F125W   inf     0.1723   0.3066     28.1392   1.9316     AB   26.2302   0.0068 0.0175  refsdal_f125w_e69-e00_sub_masked.fits
S2                177.39772    22.39578  57555.907   F125W   inf     0.2595   0.1889     27.6950   0.7902     AB   26.2302   0.0074 0.0196  refsdal_f125w_e70-e00_sub_masked.fits
S2                177.39772    22.39578  57557.498   F125W   inf     0.3715   0.2779     27.3054   0.8122     AB   26.2302   0.0075 0.0171  refsdal_f125w_e71-e00_sub_masked.fits
S2                177.39772    22.39578  57566.203   F125W   inf     0.0282   0.2882     30.1040  11.0910     AB   26.2302   0.0038 0.0220  refsdal_f125w_e72-e00_sub_despiked.fits
S2                177.39772    22.39578  57569.250   F125W   inf     0.2850   0.2475     27.5933   0.9431     AB   26.2302   0.0021 0.0212  refsdal_f125w_e73-e00_sub_despiked.fits
S2                177.39772    22.39578  56971.993   F140W   inf     2.3689   0.2620     25.5159   0.1201     AB   26.4523   0.0035 0.0196  refsdal_f140w_e02-e00_sub_masked.fits
S2                177.39772    22.39578  56982.116   F140W   inf     2.6907   0.1843     25.3776   0.0744     AB   26.4523   0.0022 0.0108  refsdal_f140w_e03-e00_sub_masked.fits
S2                177.39772    22.39578  56983.177   F140W   inf     2.9090   0.1642     25.2929   0.0613     AB   26.4523   0.0022 0.0122  refsdal_f140w_e04-e00_sub_masked.fits
S2                177.39772    22.39578  56984.836   F140W   inf     2.7499   0.1357     25.3540   0.0536     AB   26.4523   0.0027 0.0121  refsdal_f140w_e05-e00_sub_masked.fits
S2                177.39772    22.39578  56983.177   F140W   inf     2.5918   0.1516     25.4183   0.0635     AB   26.4523   0.0017 0.0142  refsdal_f140w_e06-e00_sub_masked.fits
S2                177.39772    22.39578  56984.836   F140W   inf     2.5472   0.1748     25.4372   0.0745     AB   26.4523   0.0027 0.0126  refsdal_f140w_e07-e00_sub_masked.fits
S2                177.39772    22.39578  56990.911   F160W   inf     1.9891   0.1838     25.1996   0.1003     AB   25.9462   0.0019 0.0134  refsdal_f160w_e06-e00_sub_masked.fits
S2                177.39772    22.39578  56992.967   F160W   inf     2.0794   0.2103     25.1514   0.1098     AB   25.9462   0.0001 0.0138  refsdal_f160w_e07-e00_sub_masked.fits
S2                177.39772    22.39578  56994.028   F160W   inf     2.3424   0.1657     25.0221   0.0768     AB   25.9462   0.0013 0.0128  refsdal_f160w_e08-e00_sub_masked.fits
S2                177.39772    22.39578  56996.747   F160W   inf     2.3077   0.2054     25.0383   0.0966     AB   25.9462   0.0026 0.0139  refsdal_f160w_e09-e00_sub_masked.fits
S2                177.39772    22.39578  56999.831   F160W   inf     2.3427   0.1413     25.0219   0.0655     AB   25.9462   0.0011 0.0107  refsdal_f160w_e10-e00_sub_masked.fits
S2                177.39772    22.39578  57002.885   F160W   inf     2.4932   0.1306     24.9544   0.0569     AB   25.9462   0.0019 0.0083  refsdal_f160w_e11-e00_sub_masked.fits
S2                177.39772    22.39578  57006.999   F160W   inf     2.5593   0.1256     24.9259   0.0533     AB   25.9462   0.0022 0.0086  refsdal_f160w_e12-e00_sub_masked.fits
S2                177.39772    22.39578  57011.910   F160W   inf     2.6984   0.1400     24.8684   0.0563     AB   25.9462   0.0023 0.0084  refsdal_f160w_e13-e00_sub_masked.fits
S2                177.39772    22.39578  57014.896   F160W   inf     2.7737   0.1080     24.8386   0.0423     AB   25.9462   0.0021 0.0084  refsdal_f160w_e14-e00_sub_masked.fits
S2                177.39772    22.39578  57015.825   F160W   inf     2.7847   0.1215     24.8343   0.0474     AB   25.9462   0.0020 0.0084  refsdal_f160w_e15-e00_sub_masked.fits
S2                177.39772    22.39578  57016.791   F160W   inf     2.8553   0.1860     24.8071   0.0707     AB   25.9462  -0.0010 0.0171  refsdal_f160w_e16-e00_sub_masked.fits
S2                177.39772    22.39578  57017.815   F160W   inf     2.8237   0.1168     24.8192   0.0449     AB   25.9462   0.0017 0.0087  refsdal_f160w_e17-e00_sub_masked.fits
S2                177.39772    22.39578  57019.179   F160W   inf     2.5103   0.2279     24.9469   0.0986     AB   25.9462   0.0023 0.0150  refsdal_f160w_e18-e00_sub_masked.fits
S2                177.39772    22.39578  57021.196   F160W   inf     3.0135   0.0528     24.7485   0.0190     AB   25.9462   0.0018 0.0085  refsdal_f160w_e19-e00_sub_masked.fits
S2                177.39772    22.39578  57023.783   F160W   inf     3.0369   0.1076     24.7401   0.0385     AB   25.9462   0.0024 0.0088  refsdal_f160w_e20-e00_sub_masked.fits
S2                177.39772    22.39578  57026.038   F160W   inf     2.9728   0.1070     24.7633   0.0391     AB   25.9462   0.0022 0.0082  refsdal_f160w_e21-e00_sub_masked.fits
S2                177.39772    22.39578  57026.502   F160W   inf     3.0327   0.1515     24.7416   0.0542     AB   25.9462   0.0026 0.0084  refsdal_f160w_e22-e00_sub_masked.fits
S2                177.39772    22.39578  57027.829   F160W   inf     3.1237   0.1346     24.7095   0.0468     AB   25.9462   0.0020 0.0082  refsdal_f160w_e23-e00_sub_masked.fits
S2                177.39772    22.39578  57021.196   F160W   inf     2.9452   0.1262     24.7734   0.0465     AB   25.9462   0.0018 0.0077  refsdal_f160w_e24-e00_sub_masked.fits
S2                177.39772    22.39578  57033.961   F160W   inf     3.6971   0.1764     24.5266   0.0518     AB   25.9462  -0.0011 0.0123  refsdal_f160w_e25-e00_sub_masked.fits
S2                177.39772    22.39578  57036.615   F160W   inf     3.7378   0.1636     24.5147   0.0475     AB   25.9462  -0.0006 0.0132  refsdal_f160w_e26-e00_sub_masked.fits
S2                177.39772    22.39578  57044.705   F160W   inf     3.9992   0.1806     24.4413   0.0490     AB   25.9462   0.0000 0.0123  refsdal_f160w_e27-e00_sub_masked.fits
S2                177.39772    22.39578  57049.213   F160W   inf     3.9588   0.1949     24.4523   0.0534     AB   25.9462  -0.0004 0.0137  refsdal_f160w_e28-e00_sub_masked.fits
S2                177.39772    22.39578  57062.398   F160W   inf     4.4510   0.1183     24.3251   0.0288     AB   25.9462  -0.0006 0.0120  refsdal_f160w_e29-e00_sub_masked.fits
S2                177.39772    22.39578  57076.407   F160W   inf     4.0153   0.1813     24.4369   0.0490     AB   25.9462   0.0028 0.0125  refsdal_f160w_e30-e00_sub_masked.fits
S2                177.39772    22.39578  57090.419   F160W   inf     4.5940   0.1438     24.2908   0.0340     AB   25.9462   0.0018 0.0130  refsdal_f160w_e31-e00_sub_masked.fits
S2                177.39772    22.39578  57104.308   F160W   inf     4.8742   0.1669     24.2265   0.0372     AB   25.9462  -0.0004 0.0128  refsdal_f160w_e32-e00_sub_masked.fits
S2                177.39772    22.39578  57118.228   F160W   inf     2.2272   0.1857     25.0768   0.0905     AB   25.9462   0.0010 0.0135  refsdal_f160w_e33-e00_sub_masked.fits
S2                177.39772    22.39578  57132.107   F160W   inf     5.1235   0.1778     24.1723   0.0377     AB   25.9462   0.0013 0.0163  refsdal_f160w_e34-e00_sub_masked.fits
S2                177.39772    22.39578  57076.407   F160W   inf     4.0182   0.1652     24.4362   0.0446     AB   25.9462   0.0029 0.0120  refsdal_f160w_e35-e00_sub_masked.fits
S2                177.39772    22.39578  57090.419   F160W   inf     4.6429   0.1613     24.2792   0.0377     AB   25.9462   0.0014 0.0134  refsdal_f160w_e36-e00_sub_masked.fits
S2                177.39772    22.39578  57104.308   F160W   inf     4.7799   0.2125     24.2477   0.0483     AB   25.9462  -0.0003 0.0132  refsdal_f160w_e37-e00_sub_masked.fits
S2                177.39772    22.39578  57149.076   F160W   inf     4.6620   0.2614     24.2748   0.0609     AB   25.9462   0.0033 0.0170  refsdal_f160w_e38-e00_sub_masked.fits
S2                177.39772    22.39578  57168.295   F160W   inf     4.6778   0.2054     24.2711   0.0477     AB   25.9462   0.0027 0.0132  refsdal_f160w_e39-e00_sub_masked.fits
S2                177.39772    22.39578  57188.186   F160W   inf     4.3070   0.3348     24.3608   0.0844     AB   25.9462   0.0048 0.0149  refsdal_f160w_e40-e00_sub_masked.fits
S2                177.39772    22.39578  57208.093   F160W   inf     4.0436   0.1564     24.4293   0.0420     AB   25.9462   0.0075 0.0170  refsdal_f160w_e41-e00_sub_masked.fits
S2                177.39772    22.39578  57216.220   F160W   inf     4.5441   0.2103     24.3026   0.0502     AB   25.9462   0.0078 0.0178  refsdal_f160w_e42-e00_sub_masked.fits
S2                177.39772    22.39578  57223.996   F160W   inf     3.7393   0.1588     24.5142   0.0461     AB   25.9462   0.0064 0.0166  refsdal_f160w_e43-e00_sub_masked.fits
S2                177.39772    22.39578  57325.840   F160W   inf     1.2883   0.2164     25.6711   0.1824     AB   25.9462   0.0020 0.0142  refsdal_f160w_e44-e00_sub_masked.fits
S2                177.39772    22.39578  57340.953   F160W   inf     0.8815   0.1596     26.0831   0.1966     AB   25.9462   0.0028 0.0141  refsdal_f160w_e45-e00_sub_masked.fits
S2                177.39772    22.39578  57367.060   F160W   inf     0.9747   0.1678     25.9740   0.1869     AB   25.9462   0.0011 0.0134  refsdal_f160w_e46-e00_sub_masked.fits
S2                177.39772    22.39578  57402.151   F160W   inf     1.1898   0.1355     25.7575   0.1236     AB   25.9462  -0.0002 0.0131  refsdal_f160w_e47-e00_sub_masked.fits
S2                177.39772    22.39578  57429.508   F160W   inf     1.2720   0.1174     25.6850   0.1002     AB   25.9462   0.0001 0.0095  refsdal_f160w_e48-e00_sub_masked.fits
S2                177.39772    22.39578  57444.606   F160W   inf     1.1389   0.2060     25.8051   0.1963     AB   25.9462   0.0002 0.0152  refsdal_f160w_e49-e00_sub_masked.fits
S2                177.39772    22.39578  57459.094   F160W   inf     0.6616   0.1678     26.3947   0.2754     AB   25.9462  -0.0000 0.0126  refsdal_f160w_e50-e00_sub_masked.fits
S2                177.39772    22.39578  57472.543   F160W   inf     0.6852   0.1227     26.3567   0.1944     AB   25.9462   0.0002 0.0130  refsdal_f160w_e51-e00_sub_masked.fits
S2                177.39772    22.39578  57493.299   F160W   inf     0.7788   0.1694     26.2176   0.2361     AB   25.9462   0.0026 0.0130  refsdal_f160w_e52-e00_sub_masked.fits
S2                177.39772    22.39578  57507.575   F160W   inf     0.5421   0.1778     26.6110   0.3560     AB   25.9462   0.0011 0.0131  refsdal_f160w_e53-e00_sub_masked.fits
S2                177.39772    22.39578  57521.297   F160W   inf     0.7831   0.2069     26.2117   0.2868     AB   25.9462   0.0018 0.0131  refsdal_f160w_e54-e00_sub_masked.fits
S2                177.39772    22.39578  57524.545   F160W   inf     0.5172   0.2013     26.6621   0.4227     AB   25.9462   0.0032 0.0111  refsdal_f160w_e56-e00_sub_masked.fits
S2                177.39772    22.39578  57527.198   F160W   inf     0.5903   0.1799     26.5185   0.3309     AB   25.9462   0.0023 0.0129  refsdal_f160w_e57-e00_sub_masked.fits
S2                177.39772    22.39578  57541.130   F160W   inf     0.8034   0.2082     26.1838   0.2813     AB   25.9462   0.0014 0.0131  refsdal_f160w_e63-e00_sub_masked.fits
S2                177.39772    22.39578  57545.104   F160W   inf     0.5546   0.3070     26.5862   0.6009     AB   25.9462   0.0051 0.0162  refsdal_f160w_e64-e00_sub_masked.fits
S2                177.39772    22.39578  57547.091   F160W   inf     0.7203   0.2328     26.3024   0.3509     AB   25.9462   0.0065 0.0152  refsdal_f160w_e65-e00_sub_masked.fits
S2                177.39772    22.39578  57549.045   F160W   inf     0.4863   0.1041     26.7289   0.2323     AB   25.9462   0.0047 0.0150  refsdal_f160w_e66-e00_sub_masked.fits
S2                177.39772    22.39578  57550.102   F160W   inf     0.5821   0.2223     26.5337   0.4147     AB   25.9462   0.0054 0.0156  refsdal_f160w_e67-e00_sub_masked.fits
S2                177.39772    22.39578  57551.707   F160W   inf     0.7849   0.2160     26.2091   0.2988     AB   25.9462   0.0061 0.0152  refsdal_f160w_e68-e00_sub_masked.fits
S2                177.39772    22.39578  57553.785   F160W   inf     0.7347   0.2058     26.2810   0.3041     AB   25.9462   0.0061 0.0157  refsdal_f160w_e69-e00_sub_masked.fits
S2                177.39772    22.39578  57555.946   F160W   inf     0.5003   0.1787     26.6981   0.3877     AB   25.9462   0.0080 0.0154  refsdal_f160w_e70-e00_sub_masked.fits
S2                177.39772    22.39578  57557.527   F160W   inf     0.5919   0.3081     26.5156   0.5651     AB   25.9462   0.0091 0.0158  refsdal_f160w_e71-e00_sub_masked.fits
S2                177.39772    22.39578  57566.219   F160W   inf     0.6374   0.2488     26.4351   0.4237     AB   25.9462   0.0040 0.0196  refsdal_f160w_e72-e00_sub_despiked.fits
S2                177.39772    22.39578  57569.265   F160W   inf     0.3552   0.3720     27.0701   1.1372     AB   25.9462   0.0046 0.0193  refsdal_f160w_e73-e00_sub_despiked.fits
S2                177.39772    22.39578  56985.497   F814W   inf     0.0677   0.0239     28.0308   0.3828     AB   25.1072   0.0001 0.0025  refsdal_f814w_e05-e00_sub_masked.fits
S2                177.39772    22.39578  57014.281   F814W   inf     0.1072   0.0165     27.5317   0.1674     AB   25.1072   0.0002 0.0019  refsdal_f814w_e14-e00_sub_masked.fits
S2                177.39772    22.39578  57132.030   F814W   inf     0.3396   0.0312     27.1195   0.0997     AB   25.9470  -0.0001 0.0030  refsdal_f814w_e34-e00_sub_masked.fits
S2                177.39772    22.39578  57134.656   F814W   inf     0.3943   0.0235     26.9574   0.0648     AB   25.9470   0.0002 0.0027  refsdal_f814w_e35-e00_sub_masked.fits
S2                177.39772    22.39578  57137.591   F814W   inf     0.3867   0.0238     26.9786   0.0667     AB   25.9470   0.0002 0.0025  refsdal_f814w_e36-e00_sub_masked.fits
S2                177.39772    22.39578  57142.000   F814W   inf     0.3159   0.0181     27.1982   0.0622     AB   25.9470   0.0003 0.0025  refsdal_f814w_e37-e00_sub_masked.fits
S2                177.39772    22.39578  57150.483   F814W   inf     0.3183   0.0340     27.1898   0.1161     AB   25.9470   0.0004 0.0028  refsdal_f814w_e38-e00_sub_masked.fits
S2                177.39772    22.39578  57158.611   F814W   inf     0.2339   0.0329     27.5244   0.1525     AB   25.9470   0.0003 0.0030  refsdal_f814w_e39-e00_sub_masked.fits
S2                177.39772    22.39578  57137.591   F814W   inf     0.3936   0.0278     26.9593   0.0766     AB   25.9470   0.0002 0.0025  refsdal_f814w_e40-e00_sub_masked.fits
S2                177.39772    22.39578  57142.000   F814W   inf     0.3178   0.0251     27.1917   0.0859     AB   25.9470   0.0003 0.0025  refsdal_f814w_e41-e00_sub_masked.fits
S2                177.39772    22.39578  57150.483   F814W   inf     0.3212   0.0265     27.1800   0.0895     AB   25.9470   0.0004 0.0028  refsdal_f814w_e42-e00_sub_masked.fits
S2                177.39772    22.39578  57158.611   F814W   inf     0.2377   0.0325     27.5068   0.1484     AB   25.9470   0.0002 0.0030  refsdal_f814w_e43-e00_sub_masked.fits
S2                177.39772    22.39578  57524.375   F814W   inf     0.0006   0.0473     34.0788  91.9651     AB   25.9470   0.0000 0.0041  refsdal_f814w_e55-e00_sub_masked.fits
S2                177.39772    22.39578  57531.494   F814W   inf     0.0797   0.0769     28.6931   1.0477     AB   25.9470   0.0001 0.0067  refsdal_f814w_e58-e00_sub_masked.fits
S2                177.39772    22.39578  56985.434   F606W   inf     0.0252   0.0673     30.0588   2.8977     AB   26.0626   0.0005 0.0044  refsdal_f606w_e05-e00_sub_masked.fits
S2                177.39772    22.39578  56985.434   F606W   inf     0.0499   0.0640     29.3171   1.3931     AB   26.0626  -0.0016 0.0056  refsdal_f606w_e08-e00_sub_masked.fits
S2                177.39772    22.39578  57150.500   F606W   inf     0.0372   0.0683     30.0666   1.9935     AB   26.4930   0.0005 0.0047  refsdal_f606w_e38-e00_sub_masked.fits
S2                177.39772    22.39578  57158.479   F606W   inf     0.0324   0.0793     30.2164   2.6580     AB   26.4930   0.0007 0.0050  refsdal_f606w_e39-e00_sub_masked.fits
S2                177.39772    22.39578  57150.500   F606W   inf     0.0425   0.0698     29.9224   1.7843     AB   26.4930   0.0004 0.0047  refsdal_f606w_e42-e00_sub_masked.fits
S2                177.39772    22.39578  57158.479   F606W   inf     0.0333   0.0804     30.1865   2.6199     AB   26.4930   0.0006 0.0051  refsdal_f606w_e43-e00_sub_masked.fits
S2                177.39772    22.39578  57524.276   F606W   inf     0.0589   0.0763     29.5677   1.4062     AB   26.4930   0.0001 0.0066  refsdal_f606w_e55-e00_sub_masked.fits
S2                177.39772    22.39578  57531.709   F606W   inf    -0.0447   0.1214     27.0927  -9.0000     AB   25.9959   0.0013 0.0053  refsdal_f606w_e58-e00_sub_masked.fits
S2                177.39772    22.39578  57534.286   F606W   inf     0.0062   0.0817     31.5320  14.4187     AB   26.0044   0.0002 0.0061  refsdal_f606w_e59-e00_sub_masked.fits
S2                177.39772    22.39578  57536.096   F606W   inf    -0.0792   0.1260     27.0610  -9.0000     AB   26.0044   0.0002 0.0071  refsdal_f606w_e60-e00_sub_masked.fits
S2                177.39772    22.39578  57537.090   F606W   inf     0.0224   0.0860     30.1277   4.1660     AB   26.0044   0.0002 0.0068  refsdal_f606w_e61-e00_sub_masked.fits
S2                177.39772    22.39578  57131.540   F435W   inf     0.0385   0.0411     29.2017   1.1608     AB   25.6650  -0.0005 0.0043  refsdal_f435w_e34-e00_sub_masked.fits
S2                177.39772    22.39578  57137.606   F435W   inf     0.0327   0.0518     29.3778   1.7177     AB   25.6650  -0.0001 0.0039  refsdal_f435w_e36-e00_sub_masked.fits
S2                177.39772    22.39578  57142.015   F435W   inf     0.0333   0.0356     29.3593   1.1627     AB   25.6650  -0.0001 0.0035  refsdal_f435w_e37-e00_sub_masked.fits
S2                177.39772    22.39578  57131.540   F435W   inf     0.0360   0.0438     29.2745   1.3205     AB   25.6650  -0.0005 0.0043  refsdal_f435w_e39-e00_sub_masked.fits
S2                177.39772    22.39578  57137.606   F435W   inf     0.0261   0.0412     29.6253   1.7152     AB   25.6650  -0.0000 0.0039  refsdal_f435w_e40-e00_sub_masked.fits
S2                177.39772    22.39578  57142.015   F435W   inf     0.0304   0.0362     29.4582   1.2932     AB   25.6650  -0.0001 0.0035  refsdal_f435w_e41-e00_sub_masked.fits
S2                177.39772    22.39578  57531.462   F435W   inf    -0.0675   0.1499     26.5327  -9.0000     AB   25.6650   0.0006 0.0071  refsdal_f435w_e58-e00_sub_masked.fits
