    1   0.10233         0         0     0.490
    2   0.10471         0         0     0.501
    3   0.10715         0         0     0.513
    4   0.10965         0         0     0.525
    5   0.11220         0         0     0.537
    6   0.11482      4559      4559     0.549
    7   0.11749         0      4559     0.562
    8   0.12023         0      4559     0.575
    9   0.12303         0      4559     0.589
   10   0.12589         0      4559     0.602
   11   0.12882      6598     11157     0.616
   12   0.13183         0     11157     0.631
   13   0.13490         0     11157     0.645
   14   0.13804         0     11157     0.661
   15   0.14125         0     11157     0.676
   16   0.14454      8666     19823     0.692
   17   0.14791         0     19823     0.708
   18   0.15136         0     19823     0.724
   19   0.15488         0     19823     0.741
   20   0.15849     11244     31067     0.758
   21   0.16218         0     31067     0.776
   22   0.16596         0     31067     0.794
   23   0.16982         0     31067     0.813
   24   0.17378     13437     44504     0.832
   25   0.17783         0     44504     0.851
   26   0.18197         0     44504     0.871
   27   0.18621     15161     59665     0.891
   28   0.19055         0     59665     0.912
   29   0.19498         0     59665     0.933
   30   0.19953         0     59665     0.955
   31   0.20417     16448     76113     0.977
   32   0.20893         0     76113     1.000
   33   0.21380         0     76113     1.023
   34   0.21878     16700     92813     1.047
   35   0.22387         0     92813     1.071
   36   0.22909     17562    110375     1.096
   37   0.23442         0    110375     1.122
   38   0.23988         0    110375     1.148
   39   0.24547     17707    128082     1.175
   40   0.25119         0    128082     1.202
   41   0.25704         0    128082     1.230
   42   0.26303     18073    146155     1.259
   43   0.26915         0    146155     1.288
   44   0.27542     17958    164113     1.318
   45   0.28184         0    164113     1.349
   46   0.28840     17765    181878     1.380
   47   0.29512         0    181878     1.412
   48   0.30200     17533    199411     1.445
   49   0.30903         0    199411     1.479
   50   0.31623     16949    216360     1.513
   51   0.32359         0    216360     1.548
   52   0.33113     15890    232250     1.585
   53   0.33884         0    232250     1.621
   54   0.34674     15517    247767     1.659
   55   0.35481         0    247767     1.698
   56   0.36308     14960    262727     1.737
   57   0.37154     14640    277367     1.778
   58   0.38019         0    277367     1.819
   59   0.38905     14523    291890     1.862
   60   0.39811         0    291890     1.905
   61   0.40738     14786    306676     1.949
   62   0.41687     14660    321336     1.995
   63   0.42658         0    321336     2.041
   64   0.43652     15160    336496     2.089
   65   0.44668     15568    352064     2.137
   66   0.45709         0    352064     2.187
   67   0.46774     16045    368109     2.238
   68   0.47863     16539    384648     2.290
   69   0.48978     17459    402107     2.344
   70   0.50119     17821    419928     2.398
   71   0.51286         0    419928     2.454
   72   0.52481     18353    438281     2.511
   73   0.53703     18806    457087     2.570
   74   0.54954     18838    475925     2.630
   75   0.56234     18943    494868     2.691
   76   0.57544     18417    513285     2.754
   77   0.58884     18081    531366     2.818
   78   0.60256     17527    548893     2.883
   79   0.61660     16999    565892     2.951
   80   0.63096     16559    582451     3.019
   81   0.64565     15630    598081     3.090
   82   0.66069     15074    613155     3.162
   83   0.67608     14458    627613     3.235
   84   0.69183     13470    641083     3.311
   85   0.70795     12938    654021     3.388
   86   0.72444     11997    666018     3.467
   87   0.74131     22213    688231     3.547
   88   0.75858     10196    698427     3.630
   89   0.77625      9592    708019     3.714
   90   0.79433      8946    716965     3.801
   91   0.81283      8660    725625     3.890
   92   0.83176     15922    741547     3.980
   93   0.85114      7426    748973     4.073
   94   0.87096      7093    756066     4.168
   95   0.89125     13257    769323     4.265
   96   0.91201      6582    775905     4.364
   97   0.93325     12082    787987     4.466
   98   0.95499      5808    793795     4.570
   99   0.97724     11112    804907     4.676
  100   1.00000     10725    815632     4.785
  101   1.02329      5092    820724     4.897
  102   1.04713      9441    830165     5.011
  103   1.07152      8942    839107     5.127
  104   1.09648      4258    843365     5.247
  105   1.12202      8155    851520     5.369
  106   1.14815      7595    859115     5.494
  107   1.17490      7067    866182     5.622
  108   1.20226      6714    872896     5.753
  109   1.23027      6124    879020     5.887
  110   1.25893      5765    884785     6.024
  111   1.28825      5421    890206     6.164
  112   1.31826      5050    895256     6.308
  113   1.34896      4813    900069     6.455
  114   1.38038      4518    904587     6.605
  115   1.41254      6269    910856     6.759
  116   1.44544      3720    914576     6.917
  117   1.47911      3601    918177     7.078
  118   1.51356      5228    923405     7.243
  119   1.54882      3279    926684     7.411
  120   1.58489      4671    931355     7.584
  121   1.62181      2954    934309     7.761
  122   1.65959      4198    938507     7.941
  123   1.69824      2536    941043     8.126
  124   1.73780      3388    944431     8.316
  125   1.77828      3123    947554     8.509
  126   1.81970      2739    950293     8.708
  127   1.86209      2480    952773     8.910
  128   1.90546      2285    955058     9.118
  129   1.94984      2030    957088     9.330
  130   1.99526      2045    959133     9.548
  131   2.04174      1850    960983     9.770
  132   2.08930      2402    963385     9.998
  133   2.13796      1601    964986    10.230
  134   2.18776      2005    966991    10.469
  135   2.23872      1384    968375    10.713
  136   2.29087      1769    970144    10.962
  137   2.34423      1600    971744    11.218
  138   2.39883      1404    973148    11.479
  139   2.45471      1063    974211    11.746
  140   2.51189      1590    975801    12.020
  141   2.57040       876    976677    12.300
  142   2.63027      1280    977957    12.586
  143   2.69153       962    978919    12.879
  144   2.75423       926    979845    13.179
  145   2.81838      1025    980870    13.486
  146   2.88403       757    981627    13.801
  147   2.95121      1010    982637    14.122
  148   3.01995       607    983244    14.451
  149   3.09030       724    983968    14.788
  150   3.16228       587    984555    15.132
  151   3.23594       581    985136    15.484
  152   3.31131       650    985786    15.845
  153   3.38844       414    986200    16.214
  154   3.46737       421    986621    16.592
  155   3.54813       418    987039    16.978
  156   3.63078       451    987490    17.374
  157   3.71535       393    987883    17.779
  158   3.80189       348    988231    18.193
  159   3.89045       334    988565    18.616
  160   3.98107       328    988893    19.050
  161   4.07380       264    989157    19.494
  162   4.16869       285    989442    19.948
  163   4.26580       215    989657    20.412
  164   4.36516       219    989876    20.888
  165   4.46684       235    990111    21.375
  166   4.57088       155    990266    21.872
  167   4.67735       210    990476    22.382
  168   4.78630       144    990620    22.903
  169   4.89779       117    990737    23.437
  170   5.01187       145    990882    23.983
  171   5.12861       119    991001    24.541
  172   5.24808       131    991132    25.113
  173   5.37032        95    991227    25.698
  174   5.49541        68    991295    26.296
  175   5.62341        85    991380    26.909
  176   5.75440        43    991423    27.536
  177   5.88844        65    991488    28.177
  178   6.02560        43    991531    28.833
  179   6.16595        30    991561    29.505
  180   6.30957        58    991619    30.192
  181   6.45654        34    991653    30.896
  182   6.60693        29    991682    31.615
  183   6.76083        24    991706    32.352
  184   6.91831        15    991721    33.105
  185   7.07946        28    991749    33.876
  186   7.24436        14    991763    34.665
  187   7.41310        24    991787    35.473
  188   7.58578        16    991803    36.299
  189   7.76247        15    991818    37.145
  190   7.94328        10    991828    38.010
  191   8.12831         9    991837    38.895
  192   8.31764         7    991844    39.801
  193   8.51138        10    991854    40.728
  194   8.70964         3    991857    41.677
  195   8.91251         6    991863    42.648
  196   9.12011         3    991866    43.641
  197   9.33254         7    991873    44.658
  198   9.54993         2    991875    45.698
  199   9.77237        13    991888    46.762
  200  10.00000        13    991901    47.852
  201  10.23293         5    991906    48.966
  202  10.47128         7    991913    50.107
  203  10.71519         4    991917    51.274
  204  10.96478         0    991917    52.468
  205  11.22018         2    991919    53.690
  206  11.48153         3    991922    54.941
  207  11.74898         2    991924    56.221
  208  12.02265         1    991925    57.530
  209  12.30269         4    991929    58.870
  210  12.58925         5    991934    60.242
  211  12.88250         1    991935    61.645
  212  13.18257         1    991936    63.081
  213  13.48963         1    991937    64.550
  214  13.80384         2    991939    66.054
  215  14.12537         0    991939    67.592
  216  14.45440         0    991939    69.167
  217  14.79108         0    991939    70.778
  218  15.13561         0    991939    72.426
  219  15.48817         0    991939    74.113
  220  15.84893         0    991939    75.840
  221  16.21810         0    991939    77.606
  222  16.59587         0    991939    79.414
  223  16.98244         0    991939    81.264
  224  17.37801         0    991939    83.156
  225  17.78279         0    991939    85.093
  226  18.19701         0    991939    87.076
  227  18.62087         0    991939    89.104
  228  19.05461         0    991939    91.179
  229  19.49844         0    991939    93.303
  230  19.95262         0    991939    95.476
  231  20.41738         0    991939    97.700
  232  20.89296         0    991939    99.976
  233  21.37962         0    991939   102.305
  234  21.87762         0    991939   104.688
  235  22.38721         0    991939   107.126
  236  22.90868         0    991939   109.622
  237  23.44229         0    991939   112.175
  238  23.98833         0    991939   114.788
  239  24.54709         0    991939   117.462
  240  25.11886         0    991939   120.198
  241  25.70396         0    991939   122.997
  242  26.30268         0    991939   125.862
  243  26.91534         0    991939   128.794
  244  27.54229         0    991939   131.794
  245  28.18383         0    991939   134.864
  246  28.84032         0    991939   138.005
  247  29.51209         0    991939   141.220
  248  30.19952         0    991939   144.509
  249  30.90295         0    991939   147.875
  250  31.62278         0    991939   151.320
  251  32.35936         0    991939   154.845
  252  33.11311         0    991939   158.451
  253  33.88441         0    991939   162.142
  254  34.67368         0    991939   165.919
  255  35.48133         0    991939   169.784
  256  36.30780         0    991939   173.738
  257  37.15353         0    991939   177.785
  258  38.01894         0    991939   181.927
  259  38.90452         0    991939   186.164
  260  39.81072         0    991939   190.501
  261  40.73803         0    991939   194.938
  262  41.68694         0    991939   199.479
  263  42.65795         0    991939   204.125
  264  43.65158         0    991939   208.880
  265  44.66836         0    991939   213.745
  266  45.70882         0    991939   218.724
  267  46.77351         0    991939   223.819
  268  47.86300         0    991939   229.032
  269  48.97789         0    991939   234.367
  270  50.11873         0    991939   239.826
  271  51.28614         0    991939   245.412
  272  52.48075         0    991939   251.129
  273  53.70318         0    991939   256.978
  274  54.95409         0    991939   262.964
  275  56.23413         0    991939   269.089
  276  57.54399         0    991939   275.357
  277  58.88436         0    991939   281.771
  278  60.25595         0    991939   288.334
  279  61.65950         0    991939   295.050
  280  63.09573         0    991939   301.923
  281  64.56541         0    991939   308.956
  282  66.06935         0    991939   316.152
  283  67.60831         0    991939   323.516
  284  69.18311         0    991939   331.052
  285  70.79458         0    991939   338.763
  286  72.44360         0    991939   346.654
  287  74.13103         0    991939   354.729
  288  75.85776         0    991939   362.991
  289  77.62471         0    991939   371.446
  290  79.43282         0    991939   380.098
  291  81.28304         0    991939   388.952
  292  83.17637         0    991939   398.012
  293  85.11379         0    991939   407.283
  294  87.09637         0    991939   416.770
  295  89.12511         0    991939   426.478
  296  91.20110         0    991939   436.411
  297  93.32544         0    991939   446.577
  298  95.49926         0    991939   456.979
  299  97.72372         0    991939   467.623
  300 100.00000         0    991939   478.516
  301 102.32930         0    991939   489.662
  302 104.71285         0    991939   501.067
  303 107.15192         0    991939   512.739
  304 109.64781         0    991939   524.682
  305 112.20184         0    991939   536.903
  306 114.81535         0    991939   549.409
  307 117.48974         0    991939   562.207
  308 120.22643         0    991939   575.302
  309 123.02686         0    991939   588.703
  310 125.89252         0    991939   602.415
  311 128.82492         0    991939   616.447
  312 131.82564         0    991939   630.806
  313 134.89632         0    991939   645.500
  314 138.03847         0    991939   660.536
  315 141.25378         0    991939   675.921
  316 144.54401         0    991939   691.666
  317 147.91086         0    991939   707.777
  318 151.35616         0    991939   724.263
  319 154.88168         0    991939   741.133
  320 158.48933         0    991939   758.396
  321 162.18103         0    991939   776.062
  322 165.95869         0    991939   794.138
  323 169.82437         0    991939   812.636
  324 173.78009         0    991939   831.565
  325 177.82794         0    991939   850.934
  326 181.97008         0    991939   870.755
  327 186.20871         0    991939   891.038
  328 190.54607         0    991939   911.793
  329 194.98444         0    991939   933.031
  330 199.52621         0    991939   954.764
  331 204.17377         0    991939   977.003
  332 208.92958         0    991939   999.761
  333 213.79617         0    991939  1023.048
  334 218.77612         0    991939  1046.878
  335 223.87207         0    991939  1071.263
  336 229.08672         0    991939  1096.216
  337 234.42282         0    991939  1121.750
  338 239.88336         0    991939  1147.879
  339 245.47095         0    991939  1174.617
  340 251.18871         0    991939  1201.977
  341 257.03964         0    991939  1229.975
  342 263.02686         0    991939  1258.625
  343 269.15353         0    991939  1287.942
  344 275.42291         0    991939  1317.942
  345 281.83832         0    991939  1348.640
  346 288.40317         0    991939  1380.054
  347 295.12094         0    991939  1412.200
  348 301.99518         0    991939  1445.094
  349 309.02954         0    991939  1478.755
  350 316.22775         0    991939  1513.199
  351 323.59366         0    991939  1548.446
  352 331.13110         0    991939  1584.514
  353 338.84415         0    991939  1621.422
  354 346.73682         0    991939  1659.190
  355 354.81335         0    991939  1697.837
  356 363.07800         0    991939  1737.385
  357 371.53519         0    991939  1777.854
  358 380.18933         0    991939  1819.265
  359 389.04507         0    991939  1861.641
  360 398.10709         0    991939  1905.005
  361 407.38019         0    991939  1949.378
  362 416.86926         0    991939  1994.785
  363 426.57962         0    991939  2041.250
  364 436.51593         0    991939  2088.797
  365 446.68369         0    991939  2137.451
  366 457.08829         0    991939  2187.239
  367 467.73523         0    991939  2238.186
  368 478.63016         0    991939  2290.320
  369 489.77887         0    991939  2343.668
  370 501.18729         0    991939  2398.259
  371 512.86145         0    991939  2454.122
  372 524.80750         0    991939  2511.286
  373 537.03180         0    991939  2569.781
  374 549.54089         0    991939  2629.639
  375 562.34131         0    991939  2690.891
  376 575.43994         0    991939  2753.570
  377 588.84363         0    991939  2817.709
  378 602.55957         0    991939  2883.342
  379 616.59497         0    991939  2950.503
  380 630.95728         0    991939  3019.229
  381 645.65411         0    991939  3089.556
  382 660.69336         0    991939  3161.521
  383 676.08289         0    991939  3235.162
  384 691.83081         0    991939  3310.519
  385 707.94562         0    991939  3387.630
  386 724.43579         0    991939  3466.538
  387 741.31006         0    991939  3547.284
  388 758.57776         0    991939  3629.913
  389 776.24731         0    991939  3714.465
  390 794.32843         0    991939  3800.986
  391 812.83069         0    991939  3889.522
  392 831.76392         0    991939  3980.120
  393 851.13818         0    991939  4072.829
  394 870.96368         0    991939  4167.697
  395 891.25104         0    991939  4264.775
  396 912.01093         0    991939  4364.115
  397 933.25433         0    991939  4465.768
  398 954.99261         0    991939  4569.789
  399 977.23724         0    991939  4676.233
  4001000.00000         0    991939  4785.156
