   75       75.99806      543.67627    1018     0.91531   76  544
   76       76.99803      543.66908    1008     0.91108   77  544
   77       77.99801      543.66188    1003     0.90846   78  544
   78       78.99798      543.65469     993     0.90538   79  544
   79       79.99796      543.64750    1003     0.90229   80  544
   80       80.99793      543.64030    1013     0.90002   81  544
   81       81.99790      543.63311     998     0.89647   82  544
   82       82.99788      543.62591     993     0.89386   83  544
   83       83.99785      543.61872    1003     0.89030   84  544
   84       84.99783      543.61153     988     0.88796   85  544
   85       85.99780      543.60433     988     0.88518   86  544
   86       86.99777      543.59714     998     0.88352   87  544
   87       87.99775      543.58994     977     0.88001   88  544
   88       88.99772      543.58275    1008     0.87752   89  544
   89       89.99770      543.57556     971     0.87537   90  544
   90       90.99767      543.56836     988     0.87324   91  544
   91       91.99765      543.56117     988     0.87049   92  544
   92       92.99762      543.55397     998     0.86970   93  544
   93       93.99759      543.54678     988     0.86745   94  544
   94       94.99757      543.53959     993     0.86550   95  544
   95       95.99754      543.53239     977     0.86400   96  544
   96       96.99752      543.52520     977     0.86280   97  544
   97       97.99749      543.51800     993     0.86106   98  544
   98       98.99746      543.51081     988     0.85951   99  544
   99       99.99744      543.50362     988     0.85830  100  544
  100      100.99741      543.49642     971     0.85663  101  543
  101      101.99739      543.48923     971     0.85484  102  543
  102      102.99736      543.48203     965     0.85419  103  543
  103      103.99733      543.47484     982     0.85333  104  543
  104      104.99731      543.46765     977     0.85257  105  543
  105      105.99728      543.46045     977     0.85178  106  543
  106      106.99726      543.45326     977     0.85212  107  543
  107      107.99723      543.44606     965     0.85169  108  543
  108      108.99721      543.43887     993     0.85011  109  543
  109      109.99718      543.43167     988     0.85060  110  543
  110      110.99715      543.42448     982     0.84962  111  543
  111      111.99713      543.41729     965     0.84943  112  543
  112      112.99710      543.41009     971     0.84976  113  543
  113      113.99708      543.40290     988     0.85086  114  543
  114      114.99705      543.39570     982     0.85063  115  543
  115      115.99702      543.38851     971     0.85177  116  543
  116      116.99700      543.38132     982     0.85263  117  543
  117      117.99697      543.37412     965     0.85281  118  543
  118      118.99695      543.36693     977     0.85478  119  543
  119      119.99692      543.35973     993     0.85553  120  543
  120      120.99689      543.35254     982     0.85669  121  543
  121      121.99687      543.34535     965     0.85787  122  543
  122      122.99684      543.33815     971     0.85987  123  543
  123      123.99682      543.33096     977     0.86102  124  543
  124      124.99679      543.32376     965     0.86346  125  543
  125      125.99677      543.31657     965     0.86490  126  543
  126      126.99674      543.30938     993     0.86761  127  543
  127      127.99671      543.30218     977     0.86982  128  543
  128      128.99669      543.29499     959     0.87328  129  543
  129      129.99666      543.28779     993     0.87633  130  543
  130      130.99664      543.28060     959     0.87941  131  543
  131      131.99661      543.27341     959     0.88263  132  543
  132      132.99658      543.26621     988     0.88781  133  543
  133      133.99656      543.25902     982     0.89167  134  543
  134      134.99653      543.25182     977     0.89697  135  543
  135      135.99651      543.24463     977     0.90266  136  543
  136      136.99648      543.23744     965     0.90764  137  543
  137      137.99645      543.23024     988     0.91579  138  543
  138      138.99643      543.22305     971     0.92222  139  543
  139      139.99640      543.21585     998     0.92970  140  543
  140      140.99638      543.20866     998     0.94082  141  543
  141      141.99635      543.20147     971     0.94920  142  543
  142      142.99633      543.19427     971     0.95945  143  543
  143      143.99630      543.18708    1018     0.97152  144  543
  144      144.99627      543.17988     965     0.98553  145  543
  145      145.99625      543.17269     959     1.00282  146  543
  146      146.99622      543.16549    1013     1.02223  147  543
  147      147.99620      543.15830     971     1.04353  148  543
  148      148.99617      543.15111     993     1.07118  149  543
  149      149.99614      543.14391    1008     1.10367  150  543
  150      150.99612      543.13672     993     1.14896  151  543
  151      151.99609      543.12952    1027     1.19822  152  543
  152      152.99607      543.12233     982     1.24274  153  543
  153      153.99604      543.11514    1023     1.29327  154  543
  154      154.99601      543.10794    1018     1.34629  155  543
  155      155.99599      543.10075     998     1.39723  156  543
  156      156.99596      543.09355    1027     1.43162  157  543
  157      157.99594      543.08636    1036     1.46413  158  543
  158      158.99591      543.07917    1032     1.49287  159  543
  159      159.99589      543.07197    1032     1.50157  160  543
  160      160.99586      543.06478    1045     1.49958  161  543
  161      161.99583      543.05758    1008     1.49627  162  543
  162      162.99581      543.05039    1054     1.49236  163  543
  163      163.99578      543.04320    1070     1.48643  164  543
  164      164.99576      543.03600    1041     1.47628  165  543
  165      165.99573      543.02881    1082     1.46292  166  543
  166      166.99570      543.02161    1089     1.44998  167  543
  167      167.99568      543.01442    1100     1.43524  168  543
  168      168.99565      543.00723    1140     1.42685  169  543
  169      169.99563      543.00003    1146     1.41151  170  543
  170      170.99560      542.99284    1169     1.40089  171  543
  171      171.99557      542.98564    1247     1.39349  172  543
  172      172.99555      542.97845    1343     1.38677  173  543
  173      173.99552      542.97126    1315     1.38280  174  543
  174      174.99550      542.96406    1229     1.38257  175  543
  175      175.99547      542.95687    1134     1.38129  176  543
  176      176.99545      542.94967    1114     1.38592  177  543
  177      177.99542      542.94248    1093     1.38621  178  543
  178      178.99539      542.93528    1070     1.38407  179  543
  179      179.99537      542.92809    1066     1.38194  180  543
  180      180.99534      542.92090    1054     1.38499  181  543
  181      181.99532      542.91370    1050     1.38632  182  543
  182      182.99529      542.90651    1041     1.39064  183  543
  183      183.99526      542.89931    1041     1.39628  184  543
  184      184.99524      542.89212    1050     1.40214  185  543
  185      185.99521      542.88493    1027     1.40505  186  543
  186      186.99519      542.87773    1027     1.41535  187  543
  187      187.99516      542.87054    1023     1.41731  188  543
  188      188.99514      542.86334    1032     1.42590  189  543
  189      189.99511      542.85615    1027     1.43916  190  543
  190      190.99508      542.84896    1008     1.44933  191  543
  191      191.99506      542.84176    1027     1.46153  192  543
  192      192.99503      542.83457    1018     1.46938  193  543
  193      193.99501      542.82737    1013     1.47825  194  543
  194      194.99498      542.82018    1003     1.48874  195  543
  195      195.99495      542.81299    1036     1.49912  196  543
  196      196.99493      542.80579    1003     1.51446  197  543
  197      197.99490      542.79860    1008     1.53053  198  543
  198      198.99488      542.79140    1013     1.54430  199  543
  199      199.99485      542.78421    1018     1.55334  200  543
  200      200.99482      542.77702    1023     1.57112  201  543
  201      201.99480      542.76982    1023     1.59332  202  543
  202      202.99477      542.76263    1013     1.62416  203  543
  203      203.99475      542.75543    1023     1.65036  204  543
  204      204.99472      542.74824    1003     1.68872  205  543
  205      205.99470      542.74105    1008     1.72799  206  543
  206      206.99467      542.73385    1027     1.79448  207  543
  207      207.99464      542.72666    1013     1.87932  208  543
  208      208.99462      542.71946    1013     1.97593  209  543
  209      209.99459      542.71227    1018     2.00843  210  543
  210      210.99457      542.70508    1018     2.03693  211  543
  211      211.99454      542.69788    1013     2.06052  212  543
  212      212.99451      542.69069    1050     2.06487  213  543
  213      213.99449      542.68349    1008     2.06074  214  543
  214      214.99446      542.67630    1008     2.05525  215  543
  215      215.99444      542.66910    1041     2.03939  216  543
  216      216.99441      542.66191     998     2.01514  217  543
  217      217.99438      542.65472    1023     1.97999  218  543
  218      218.99436      542.64752    1008     1.92843  219  543
  219      219.99433      542.64033    1013     1.85935  220  543
  220      220.99431      542.63313    1027     1.76605  221  543
  221      221.99428      542.62594    1013     1.67855  222  543
  222      222.99426      542.61875    1018     1.61502  223  543
  223      223.99423      542.61155    1027     1.56800  224  543
  224      224.99420      542.60436    1023     1.52064  225  543
  225      225.99418      542.59716    1013     1.48253  226  543
  226      226.99415      542.58997    1027     1.45625  227  543
  227      227.99413      542.58278    1032     1.42927  228  543
  228      228.99410      542.57558    1027     1.39989  229  543
  229      229.99407      542.56839    1023     1.37032  230  543
  230      230.99405      542.56119    1027     1.34899  231  543
  231      231.99402      542.55400    1041     1.32884  232  543
  232      232.99400      542.54681    1036     1.30102  233  543
  233      233.99397      542.53961    1058     1.29112  234  543
  234      234.99394      542.53242    1041     1.26703  235  543
  235      235.99392      542.52522    1045     1.25146  236  543
  236      236.99389      542.51803    1074     1.23862  237  543
  237      237.99387      542.51084    1070     1.22171  238  543
  238      238.99384      542.50364    1070     1.20527  239  543
  239      239.99382      542.49645    1070     1.19027  240  542
  240      240.99379      542.48925    1070     1.17846  241  542
  241      241.99376      542.48206    1086     1.15671  242  542
  242      242.99374      542.47487    1089     1.14858  243  542
  243      243.99371      542.46767    1104     1.14465  244  542
  244      244.99369      542.46048    1121     1.13707  245  542
  245      245.99366      542.45328    1114     1.13161  246  542
  246      246.99363      542.44609    1124     1.11912  247  542
  247      247.99361      542.43889    1140     1.10925  248  542
  248      248.99358      542.43170    1121     1.10801  249  542
  249      249.99356      542.42451    1134     1.08740  250  542
  250      250.99353      542.41731    1158     1.07596  251  542
  251      251.99350      542.41012    1158     1.05830  252  542
  252      252.99348      542.40292    1161     1.06786  253  542
  253      253.99345      542.39573    1155     1.06114  254  542
  254      254.99343      542.38854    1169     1.04836  255  542
  255      255.99340      542.38134    1155     1.05123  256  542
  256      256.99338      542.37415    1149     1.04591  257  542
  257      257.99335      542.36695    1158     1.03954  258  542
  258      258.99332      542.35976    1149     1.03356  259  542
  259      259.99330      542.35257    1152     1.02751  260  542
  260      260.99327      542.34537    1143     1.02285  261  542
  261      261.99325      542.33818    1127     1.01801  262  542
  262      262.99322      542.33098    1137     1.01270  263  542
  263      263.99319      542.32379    1124     1.00776  264  542
  264      264.99317      542.31660    1124     1.00454  265  542
  265      265.99314      542.30940    1124     1.00038  266  542
  266      266.99312      542.30221    1104     0.99732  267  542
  267      267.99309      542.29501    1104     0.99371  268  542
  268      268.99306      542.28782    1100     0.99067  269  542
  269      269.99304      542.28063    1100     0.98776  270  542
  270      270.99301      542.27343    1086     0.98466  271  542
  271      271.99299      542.26624    1086     0.98312  272  542
  272      272.99296      542.25904    1074     0.97940  273  542
  273      273.99294      542.25185    1089     0.97653  274  542
  274      274.99291      542.24466    1082     0.97339  275  542
  275      275.99288      542.23746    1074     0.97107  276  542
  276      276.99286      542.23027    1066     0.96900  277  542
  277      277.99283      542.22307    1062     0.96682  278  542
  278      278.99281      542.21588    1054     0.96373  279  542
  279      279.99278      542.20869    1070     0.96101  280  542
  280      280.99275      542.20149    1045     0.95858  281  542
  281      281.99273      542.19430    1050     0.95690  282  542
  282      282.99270      542.18710    1041     0.95486  283  542
  283      283.99268      542.17991    1041     0.95203  284  542
  284      284.99265      542.17271    1058     0.95031  285  542
  285      285.99262      542.16552    1032     0.94810  286  542
  286      286.99260      542.15833    1027     0.94651  287  542
  287      287.99257      542.15113    1032     0.94426  288  542
  288      288.99255      542.14394    1041     0.94285  289  542
  289      289.99252      542.13674    1027     0.94092  290  542
  290      290.99250      542.12955    1032     0.93915  291  542
  291      291.99247      542.12236    1041     0.93775  292  542
  292      292.99244      542.11516    1013     0.93508  293  542
  293      293.99242      542.10797    1013     0.93360  294  542
  294      294.99239      542.10077    1023     0.93168  295  542
  295      295.99237      542.09358    1027     0.93073  296  542
  296      296.99234      542.08639    1003     0.92822  297  542
  297      297.99231      542.07919    1013     0.92732  298  542
  298      298.99229      542.07200    1008     0.92553  299  542
  299      299.99226      542.06480    1018     0.92348  300  542
  300      300.99224      542.05761    1013     0.92210  301  542
  301      301.99221      542.05042    1003     0.91974  302  542
  302      302.99218      542.04322    1008     0.91888  303  542
  303      303.99216      542.03603    1013     0.91789  304  542
  304      304.99213      542.02883    1008     0.91635  305  542
  305      305.99211      542.02164    1003     0.91389  306  542
  306      306.99208      542.01445    1013     0.91290  307  542
  307      307.99206      542.00725     988     0.91159  308  542
  308      308.99203      542.00006    1023     0.91011  309  542
  309      309.99200      541.99286     977     0.90930  310  542
  310      310.99198      541.98567     993     0.90766  311  542
  311      311.99195      541.97848    1003     0.90688  312  542
  312      312.99193      541.97128     988     0.90552  313  542
  313      313.99190      541.96409     993     0.90386  314  542
  314      314.99187      541.95689     993     0.90305  315  542
  315      315.99185      541.94970     988     0.90246  316  542
  316      316.99182      541.94250     982     0.90076  317  542
  317      317.99180      541.93531     998     0.89932  318  542
  318      318.99177      541.92812     998     0.89798  319  542
  319      319.99175      541.92092     977     0.89750  320  542
  320      320.99172      541.91373     982     0.89738  321  542
  321      321.99169      541.90653     977     0.89726  322  542
  322      322.99167      541.89934     998     0.89514  323  542
  323      323.99164      541.89215     982     0.89508  324  542
  324      324.99162      541.88495     988     0.89507  325  542
  325      325.99159      541.87776     993     0.89482  326  542
  326      326.99156      541.87056     977     0.89441  327  542
  327      327.99154      541.86337     988     0.89442  328  542
  328      328.99151      541.85618     988     0.89383  329  542
  329      329.99149      541.84898     982     0.89429  330  542
  330      330.99146      541.84179     977     0.89420  331  542
  331      331.99143      541.83459     971     0.89398  332  542
  332      332.99141      541.82740    1008     0.89448  333  542
  333      333.99138      541.82021     988     0.89534  334  542
  334      334.99136      541.81301     971     0.89610  335  542
  335      335.99133      541.80582     954     0.89688  336  542
  336      336.99131      541.79862    1003     0.89830  337  542
  337      337.99128      541.79143     971     0.89959  338  542
  338      338.99125      541.78424     982     0.90093  339  542
  339      339.99123      541.77704     982     0.90276  340  542
  340      340.99120      541.76985     959     0.90461  341  542
  341      341.99118      541.76265     977     0.90666  342  542
  342      342.99115      541.75546     993     0.90960  343  542
  343      343.99112      541.74827     982     0.91138  344  542
  344      344.99110      541.74107     988     0.91344  345  542
  345      345.99107      541.73388     982     0.91707  346  542
  346      346.99105      541.72668     977     0.92033  347  542
  347      347.99102      541.71949     977     0.92469  348  542
  348      348.99099      541.71230     965     0.92870  349  542
  349      349.99097      541.70510     988     0.93358  350  542
  350      350.99094      541.69791     988     0.93897  351  542
  351      351.99092      541.69071     993     0.94574  352  542
  352      352.99089      541.68352     982     0.95086  353  542
  353      353.99087      541.67632     988     0.95714  354  542
  354      354.99084      541.66913     988     0.96498  355  542
  355      355.99081      541.66194     988     0.97375  356  542
  356      356.99079      541.65474     993     0.98308  357  542
  357      357.99076      541.64755     988     0.99184  358  542
  358      358.99074      541.64035     993     1.00400  359  542
  359      359.99071      541.63316     977     1.01631  360  542
  360      360.99068      541.62597     993     1.03068  361  542
  361      361.99066      541.61877     988     1.04482  362  542
  362      362.99063      541.61158     998     1.06280  363  542
  363      363.99061      541.60438    1008     1.08150  364  542
  364      364.99058      541.59719     977     1.10243  365  542
  365      365.99055      541.59000    1003     1.12246  366  542
  366      366.99053      541.58280    1003     1.14665  367  542
  367      367.99050      541.57561    1008     1.17061  368  542
  368      368.99048      541.56841     988     1.19741  369  542
  369      369.99045      541.56122     971     1.22643  370  542
  370      370.99043      541.55403    1023     1.25845  371  542
  371      371.99040      541.54683    1018     1.29399  372  542
  372      372.99037      541.53964    1023     1.33367  373  542
  373      373.99035      541.53244    1045     1.36672  374  542
  374      374.99032      541.52525    1008     1.39962  375  542
  375      375.99030      541.51806    1023     1.43677  376  542
  376      376.99027      541.51086    1023     1.47192  377  542
  377      377.99024      541.50367    1027     1.50129  378  542
  378      378.99022      541.49647    1066     1.53892  379  541
  379      379.99019      541.48928    1041     1.56854  380  541
  380      380.99017      541.48209    1041     1.59460  381  541
  381      381.99014      541.47489    1093     1.61492  382  541
  382      382.99011      541.46770    1045     1.63671  383  541
  383      383.99009      541.46050    1104     1.66991  384  541
  384      384.99006      541.45331    1097     1.69271  385  541
  385      385.99004      541.44611    1086     1.72286  386  541
  386      386.99001      541.43892    1111     1.75668  387  541
  387      387.98999      541.43173    1111     1.78776  388  541
  388      388.98996      541.42453    1114     1.82483  389  541
  389      389.98993      541.41734    1149     1.86341  390  541
  390      390.98991      541.41014    1149     1.90107  391  541
  391      391.98988      541.40295    1149     1.94558  392  541
  392      392.98986      541.39576    1466     1.98742  393  541
  393      393.98983      541.38856    1597     2.04467  394  541
  394      394.98980      541.38137    1509     2.09404  395  541
  395      395.98978      541.37417    1483     2.15544  396  541
  396      396.98975      541.36698    1478     2.21169  397  541
  397      397.98973      541.35979    1480     2.28650  398  541
  398      398.98970      541.35259    1482     2.37455  399  541
  399      399.98967      541.34540    1476     2.46852  400  541
  400      400.98965      541.33820    1469     2.57754  401  541
  401      401.98962      541.33101    1468     2.71057  402  541
  402      402.98960      541.32382    1451     2.78590  403  541
  403      403.98957      541.31662    1437     2.82417  404  541
  404      404.98955      541.30943    1430     2.86100  405  541
  405      405.98952      541.30223    1416     2.84675  406  541
  406      406.98949      541.29504    1404     2.81894  407  541
  407      407.98947      541.28785    1402     2.78761  408  541
  408      408.98944      541.28065    1377     2.74863  409  541
  409      409.98942      541.27346    1378     2.68894  410  541
  410      410.98939      541.26626    1368     2.61807  411  541
  411      411.98936      541.25907    1349     2.48476  412  541
  412      412.98934      541.25188    1368     2.39106  413  541
  413      413.98931      541.24468    1359     2.30457  414  541
  414      414.98929      541.23749    1361     2.23688  415  541
  415      415.98926      541.23029    1346     2.18654  416  541
  416      416.98923      541.22310    1349     2.13802  417  541
  417      417.98921      541.21590    1352     2.08068  418  541
  418      418.98918      541.20871    1355     2.05358  419  541
  419      419.98916      541.20152    1354     2.01005  420  541
  420      420.98913      541.19432    1365     1.97307  421  541
  421      421.98911      541.18713    1374     1.95253  422  541
  422      422.98908      541.17993    1401     1.89096  423  541
  423      423.98905      541.17274    1426     1.84226  424  541
  424      424.98903      541.16555    1477     1.80233  425  541
  425      425.98900      541.15835    1562     1.75093  426  541
  426      426.98898      541.15116    1614     1.69853  427  541
  427      427.98895      541.14396    1058     1.65192  428  541
  428      428.98892      541.13677    1070     1.61033  429  541
  429      429.98890      541.12958    1058     1.57445  430  541
  430      430.98887      541.12238    1050     1.54726  431  541
  431      431.98885      541.11519    1027     1.52371  432  541
  432      432.98882      541.10799    1054     1.50383  433  541
  433      433.98880      541.10080    1041     1.48298  434  541
  434      434.98877      541.09361    1041     1.45475  435  541
  435      435.98874      541.08641    1045     1.43564  436  541
  436      436.98872      541.07922    1032     1.41211  437  541
  437      437.98869      541.07202    1032     1.39955  438  541
  438      438.98867      541.06483    1041     1.38182  439  541
  439      439.98864      541.05764    1032     1.36409  440  541
  440      440.98861      541.05044    1018     1.35639  441  541
  441      441.98859      541.04325    1041     1.33703  442  541
  442      442.98856      541.03605    1013     1.32778  443  541
  443      443.98854      541.02886    1027     1.31681  444  541
  444      444.98851      541.02167    1018     1.30682  445  541
  445      445.98848      541.01447    1032     1.29678  446  541
  446      446.98846      541.00728    1027     1.29378  447  541
  447      447.98843      541.00008    1018     1.29497  448  541
  448      448.98841      540.99289    1032     1.29706  449  541
  449      449.98838      540.98570    1018     1.29624  450  541
  450      450.98836      540.97850    1032     1.30745  451  541
  451      451.98833      540.97131    1018     1.30739  452  541
  452      452.98830      540.96411    1003     1.32172  453  541
  453      453.98828      540.95692    1027     1.34537  454  541
  454      454.98825      540.94972    1013     1.34698  455  541
  455      455.98823      540.94253    1008     1.34788  456  541
  456      456.98820      540.93534    1041     1.35430  457  541
  457      457.98817      540.92814    1018     1.36260  458  541
  458      458.98815      540.92095    1027     1.37611  459  541
  459      459.98812      540.91375    1036     1.38611  460  541
  460      460.98810      540.90656    1023     1.38753  461  541
  461      461.98807      540.89937    1032     1.38359  462  541
  462      462.98804      540.89217    1036     1.37675  463  541
  463      463.98802      540.88498    1013     1.36824  464  541
  464      464.98799      540.87778    1041     1.35937  465  541
  465      465.98797      540.87059    1045     1.35075  466  541
  466      466.98794      540.86340    1036     1.34077  467  541
  467      467.98792      540.85620    1027     1.33224  468  541
  468      468.98789      540.84901    1062     1.32404  469  541
  469      469.98786      540.84181    1050     1.31661  470  541
  470      470.98784      540.83462    1050     1.30780  471  541
  471      471.98781      540.82743    1050     1.30076  472  541
  472      472.98779      540.82023    1054     1.29381  473  541
  473      473.98776      540.81304    1058     1.28551  474  541
  474      474.98773      540.80584    1058     1.27736  475  541
  475      475.98771      540.79865    1062     1.26881  476  541
  476      476.98768      540.79146    1093     1.25929  477  541
  477      477.98766      540.78426    1078     1.24752  478  541
  478      478.98763      540.77707    1086     1.23894  479  541
  479      479.98760      540.76987    1082     1.22866  480  541
  480      480.98758      540.76268    1078     1.21822  481  541
  481      481.98755      540.75549    1093     1.20916  482  541
  482      482.98753      540.74829    1097     1.19906  483  541
  483      483.98750      540.74110    1086     1.19015  484  541
  484      484.98748      540.73390    1074     1.17860  485  541
  485      485.98745      540.72671    1089     1.16769  486  541
  486      486.98742      540.71951    1097     1.15842  487  541
  487      487.98740      540.71232    1097     1.14809  488  541
  488      488.98737      540.70513    1074     1.13724  489  541
  489      489.98735      540.69793    1074     1.12602  490  541
  490      490.98732      540.69074    1086     1.11643  491  541
  491      491.98729      540.68354    1070     1.10703  492  541
  492      492.98727      540.67635    1066     1.09968  493  541
  493      493.98724      540.66916    1070     1.09114  494  541
  494      494.98722      540.66196    1045     1.08108  495  541
  495      495.98719      540.65477    1036     1.07148  496  541
  496      496.98716      540.64757    1062     1.06292  497  541
  497      497.98714      540.64038    1032     1.05303  498  541
  498      498.98711      540.63319    1045     1.04327  499  541
  499      499.98709      540.62599    1041     1.03498  500  541
  500      500.98706      540.61880    1023     1.02624  501  541
  501      501.98704      540.61160    1036     1.01758  502  541
  502      502.98701      540.60441    1018     1.00957  503  541
  503      503.98698      540.59722    1023     1.00153  504  541
  504      504.98696      540.59002    1013     0.99302  505  541
  505      505.98693      540.58283    1032     0.98699  506  541
  506      506.98691      540.57563    1027     0.97971  507  541
  507      507.98688      540.56844    1018     0.97378  508  541
  508      508.98685      540.56125    1008     0.96951  509  541
  509      509.98683      540.55405    1027     0.96308  510  541
  510      510.98680      540.54686    1003     0.95823  511  541
  511      511.98678      540.53966    1008     0.95284  512  541
  512      512.98675      540.53247    1018     0.94789  513  541
  513      513.98672      540.52528     993     0.94471  514  541
  514      514.98670      540.51808    1008     0.94043  515  541
  515      515.98667      540.51089     993     0.93664  516  541
  516      516.98665      540.50369     993     0.93334  517  541
  517      517.98662      540.49650     982     0.93033  518  540
  518      518.98660      540.48931     998     0.92775  519  540
  519      519.98657      540.48211     988     0.92522  520  540
  520      520.98654      540.47492    1023     0.92375  521  540
  521      521.98652      540.46772    1013     0.92180  522  540
  522      522.98649      540.46053     982     0.91922  523  540
  523      523.98647      540.45333    1008     0.91734  524  540
  524      524.98644      540.44614     993     0.91522  525  540
  525      525.98641      540.43895     993     0.91518  526  540
  526      526.98639      540.43175     993     0.91395  527  540
  527      527.98636      540.42456     998     0.91343  528  540
  528      528.98634      540.41736    1013     0.91180  529  540
  529      529.98631      540.41017     988     0.91183  530  540
  530      530.98628      540.40298     988     0.91039  531  540
  531      531.98626      540.39578     982     0.91041  532  540
  532      532.98623      540.38859    1008     0.91021  533  540
  533      533.98621      540.38139     971     0.90849  534  540
  534      534.98618      540.37420     998     0.90847  535  540
  535      535.98616      540.36701     982     0.90803  536  540
  536      536.98613      540.35981     982     0.90960  537  540
  537      537.98610      540.35262     988     0.90817  538  540
  538      538.98608      540.34542     988     0.90803  539  540
  539      539.98605      540.33823    1018     0.90774  540  540
  540      540.98603      540.33104     993     0.90771  541  540
  541      541.98600      540.32384     998     0.90811  542  540
  542      542.98597      540.31665     988     0.90783  543  540
  543      543.98595      540.30945     982     0.90847  544  540
  544      544.98592      540.30226     988     0.90909  545  540
  545      545.98590      540.29507     998     0.90956  546  540
  546      546.98587      540.28787     993     0.90955  547  540
  547      547.98584      540.28068     988     0.90882  548  540
  548      548.98582      540.27348     998     0.90940  549  540
  549      549.98579      540.26629     993     0.90998  550  540
  550      550.98577      540.25910     988     0.91126  551  540
  551      551.98574      540.25190     993     0.91076  552  540
  552      552.98572      540.24471     988     0.91093  553  540
  553      553.98569      540.23751    1003     0.91138  554  540
  554      554.98566      540.23032     988     0.91175  555  540
  555      555.98564      540.22312    1003     0.91174  556  540
  556      556.98561      540.21593     998     0.91269  557  540
  557      557.98559      540.20874    1003     0.91257  558  540
  558      558.98556      540.20154     993     0.91441  559  540
  559      559.98553      540.19435     982     0.91450  560  540
  560      560.98551      540.18715     988     0.91557  561  540
  561      561.98548      540.17996    1003     0.91661  562  540
  562      562.98546      540.17277     998     0.91784  563  540
  563      563.98543      540.16557     982     0.91895  564  540
  564      564.98541      540.15838     993     0.91927  565  540
  565      565.98538      540.15118     988     0.92095  566  540
  566      566.98535      540.14399     988     0.92279  567  540
  567      567.98533      540.13680     998     0.92334  568  540
  568      568.98530      540.12960     954     0.92526  569  540
  569      569.98528      540.12241    1018     0.92755  570  540
  570      570.98525      540.11521    1008     0.92930  571  540
  571      571.98522      540.10802     993     0.93121  572  540
  572      572.98520      540.10083    1008     0.93426  573  540
  573      573.98517      540.09363     998     0.93577  574  540
  574      574.98515      540.08644     954     0.93818  575  540
  575      575.98512      540.07924    1023     0.94109  576  540
  576      576.98509      540.07205    1003     0.94385  577  540
  577      577.98507      540.06486     993     0.94568  578  540
  578      578.98504      540.05766     993     0.94821  579  540
  579      579.98502      540.05047    1008     0.95119  580  540
  580      580.98499      540.04327     988     0.95397  581  540
  581      581.98497      540.03608    1003     0.95610  582  540
  582      582.98494      540.02889    1008     0.95927  583  540
  583      583.98491      540.02169     982     0.96087  584  540
  584      584.98489      540.01450    1027     0.96218  585  540
  585      585.98486      540.00730     988     0.96490  586  540
  586      586.98484      540.00011    1003     0.96630  587  540
  587      587.98481      539.99292     988     0.96757  588  540
  588      588.98478      539.98572    1008     0.96864  589  540
  589      589.98476      539.97853    1003     0.96919  590  540
  590      590.98473      539.97133    1003     0.96955  591  540
  591      591.98471      539.96414    1008     0.96921  592  540
  592      592.98468      539.95694     977     0.96956  593  540
  593      593.98465      539.94975    1023     0.96775  594  540
  594      594.98463      539.94256    1008     0.96730  595  540
  595      595.98460      539.93536    1013     0.96594  596  540
  596      596.98458      539.92817     993     0.96406  597  540
  597      597.98455      539.92097    1008     0.96217  598  540
  598      598.98453      539.91378    1013     0.95984  599  540
  599      599.98450      539.90659     998     0.95686  600  540
  600      600.98447      539.89939    1003     0.95311  601  540
  601      601.98445      539.89220    1023     0.95022  602  540
  602      602.98442      539.88500    1013     0.94641  603  540
  603      603.98440      539.87781    1032     0.94217  604  540
  604      604.98437      539.87062    1023     0.93708  605  540
  605      605.98434      539.86342    1008     0.93329  606  540
  606      606.98432      539.85623     988     0.92835  607  540
  607      607.98429      539.84903    1018     0.92456  608  540
  608      608.98427      539.84184    1003     0.91920  609  540
  609      609.98424      539.83465    1008     0.91470  610  540
  610      610.98421      539.82745     998     0.90871  611  540
  611      611.98419      539.82026    1013     0.90427  612  540
  612      612.98416      539.81306     977     0.89963  613  540
  613      613.98414      539.80587     998     0.89376  614  540
  614      614.98411      539.79868    1032     0.88805  615  540
  615      615.98409      539.79148     954     0.88440  616  540
  616      616.98406      539.78429     982     0.87886  617  540
  617      617.98403      539.77709     988     0.87298  618  540
  618      618.98401      539.76990    1027     0.86757  619  540
  619      619.98398      539.76271    1018     0.86256  620  540
  620      620.98396      539.75551    1003     0.85739  621  540
  621      621.98393      539.74832    1027     0.85219  622  540
  622      622.98390      539.74112     998     0.84735  623  540
  623      623.98388      539.73393    1018     0.84225  624  540
  624      624.98385      539.72673     998     0.83689  625  540
  625      625.98383      539.71954    1003     0.83159  626  540
  626      626.98380      539.71235     977     0.82722  627  540
  627      627.98377      539.70515     998     0.82331  628  540
  628      628.98375      539.69796     971     0.81852  629  540
  629      629.98372      539.69076     993     0.81378  630  540
  630      630.98370      539.68357     965     0.81104  631  540
  631      631.98367      539.67638     998     0.80582  632  540
  632      632.98365      539.66918     954     0.80468  633  540
  633      633.98362      539.66199     959     0.79844  634  540
  634      634.98359      539.65479     971     0.79546  635  540
  635      635.98357      539.64760    1003     0.78986  636  540
  636      636.98354      539.64041     959     0.78685  637  540
  637      637.98352      539.63321     915     0.78355  638  540
  638      638.98349      539.62602     977     0.78011  639  540
  639      639.98346      539.61882     965     0.77708  640  540
  640      640.98344      539.61163     935     0.77251  641  540
  641      641.98341      539.60444     928     0.77066  642  540
  642      642.98339      539.59724     947     0.76720  643  540
  643      643.98336      539.59005     928     0.76490  644  540
  644      644.98333      539.58285     935     0.76145  645  540
  645      645.98331      539.57566     922     0.75932  646  540
  646      646.98328      539.56847     922     0.75720  647  540
  647      647.98326      539.56127     922     0.75459  648  540
  648      648.98323      539.55408     922     0.75179  649  540
  649      649.98321      539.54688     928     0.75038  650  540
  650      650.98318      539.53969     908     0.74742  651  540
  651      651.98315      539.53250     915     0.74535  652  540
  652      652.98313      539.52530     908     0.74270  653  540
  653      653.98310      539.51811     959     0.74252  654  540
  654      654.98308      539.51091     965     0.74126  655  540
  655      655.98305      539.50372     915     0.73880  656  540
  656      656.98302      539.49653     965     0.73622  657  539
  657      657.98300      539.48933     922     0.73375  658  539
  658      658.98297      539.48214     965     0.73286  659  539
  659      659.98295      539.47494     915     0.73135  660  539
  660      660.98292      539.46775     915     0.73014  661  539
  661      661.98289      539.46055     947     0.72892  662  539
  662      662.98287      539.45336     908     0.72688  663  539
  663      663.98284      539.44617     922     0.72590  664  539
  664      664.98282      539.43897     965     0.72451  665  539
  665      665.98279      539.43178     922     0.72236  666  539
  666      666.98277      539.42458     935     0.72118  667  539
  667      667.98274      539.41739     922     0.72050  668  539
  668      668.98271      539.41020     935     0.71966  669  539
  669      669.98269      539.40300     959     0.71845  670  539
  670      670.98266      539.39581     941     0.71719  671  539
  671      671.98264      539.38861     928     0.71605  672  539
  672      672.98261      539.38142     928     0.71457  673  539
  673      673.98258      539.37423     915     0.71364  674  539
  674      674.98256      539.36703     915     0.71247  675  539
  675      675.98253      539.35984     915     0.71180  676  539
  676      676.98251      539.35264     954     0.71094  677  539
  677      677.98248      539.34545     947     0.70999  678  539
  678      678.98246      539.33826     928     0.70906  679  539
  679      679.98243      539.33106     935     0.70918  680  539
  680      680.98240      539.32387     915     0.70743  681  539
  681      681.98238      539.31667     947     0.70638  682  539
  682      682.98235      539.30948     941     0.70494  683  539
  683      683.98233      539.30229     915     0.70596  684  539
  684      684.98230      539.29509     935     0.70408  685  539
  685      685.98227      539.28790     922     0.70474  686  539
  686      686.98225      539.28070     900     0.70282  687  539
  687      687.98222      539.27351     947     0.70180  688  539
  688      688.98220      539.26632     893     0.70139  689  539
  689      689.98217      539.25912     941     0.70084  690  539
  690      690.98214      539.25193     935     0.70028  691  539
  691      691.98212      539.24473     900     0.70020  692  539
  692      692.98209      539.23754     922     0.69936  693  539
  693      693.98207      539.23034     947     0.69980  694  539
  694      694.98204      539.22315     941     0.69817  695  539
  695      695.98202      539.21596     893     0.69818  696  539
  696      696.98199      539.20876     954     0.69566  697  539
  697      697.98196      539.20157     893     0.69655  698  539
  698      698.98194      539.19437     922     0.69555  699  539
  699      699.98191      539.18718     935     0.69524  700  539
  700      700.98189      539.17999     922     0.69548  701  539
  701      701.98186      539.17279     928     0.69464  702  539
  702      702.98183      539.16560     935     0.69368  703  539
  703      703.98181      539.15840     878     0.69320  704  539
  704      704.98178      539.15121     954     0.69295  705  539
  705      705.98176      539.14402     908     0.69222  706  539
  706      706.98173      539.13682     935     0.69050  707  539
  707      707.98170      539.12963     947     0.69015  708  539
  708      708.98168      539.12243     885     0.68945  709  539
  709      709.98165      539.11524     922     0.68949  710  539
  710      710.98163      539.10805     900     0.68912  711  539
  711      711.98160      539.10085     954     0.68837  712  539
  712      712.98158      539.09366     885     0.68976  713  539
  713      713.98155      539.08646     947     0.68796  714  539
  714      714.98152      539.07927     893     0.68942  715  539
  715      715.98150      539.07208     935     0.68730  716  539
  716      716.98147      539.06488     922     0.68894  717  539
  717      717.98145      539.05769     915     0.68762  718  539
  718      718.98142      539.05049     928     0.68986  719  539
  719      719.98139      539.04330     900     0.68706  720  539
  720      720.98137      539.03611     947     0.68837  721  539
  721      721.98134      539.02891     900     0.68640  722  539
  722      722.98132      539.02172     941     0.68553  723  539
  723      723.98129      539.01452     885     0.68546  724  539
  724      724.98126      539.00733     959     0.68525  725  539
  725      725.98124      539.00013     893     0.68700  726  539
  726      726.98121      538.99294     941     0.68593  727  539
  727      727.98119      538.98575     885     0.68635  728  539
  728      728.98116      538.97855     947     0.68384  729  539
  729      729.98114      538.97136     885     0.68427  730  539
  730      730.98111      538.96416     928     0.68407  731  539
  731      731.98108      538.95697     893     0.68387  732  539
  732      732.98106      538.94978     915     0.68264  733  539
  733      733.98103      538.94258     908     0.68332  734  539
  734      734.98101      538.93539     893     0.68262  735  539
  735      735.98098      538.92819     922     0.68315  736  539
  736      736.98095      538.92100     915     0.68253  737  539
  737      737.98093      538.91381     935     0.68317  738  539
  738      738.98090      538.90661     900     0.68358  739  539
  739      739.98088      538.89942     935     0.68296  740  539
  740      740.98085      538.89222     885     0.68202  741  539
  741      741.98082      538.88503     941     0.68196  742  539
  742      742.98080      538.87784     878     0.68091  743  539
  743      743.98077      538.87064     947     0.68140  744  539
  744      744.98075      538.86345     885     0.68019  745  539
  745      745.98072      538.85625     941     0.68052  746  539
  746      746.98070      538.84906     893     0.68117  747  539
  747      747.98067      538.84187     954     0.68124  748  539
  748      748.98064      538.83467     878     0.68017  749  539
  749      749.98062      538.82748     935     0.68119  750  539
  750      750.98059      538.82028     915     0.68036  751  539
  751      751.98057      538.81309     935     0.68089  752  539
  752      752.98054      538.80590     878     0.67969  753  539
  753      753.98051      538.79870     941     0.68034  754  539
  754      754.98049      538.79151     915     0.67945  755  539
  755      755.98046      538.78431     928     0.68013  756  539
  756      756.98044      538.77712     893     0.68002  757  539
  757      757.98041      538.76993     947     0.67937  758  539
  758      758.98038      538.76273     885     0.68036  759  539
  759      759.98036      538.75554     935     0.67864  760  539
  760      760.98033      538.74834     900     0.68008  761  539
  761      761.98031      538.74115     941     0.67854  762  539
  762      762.98028      538.73395     900     0.68118  763  539
  763      763.98026      538.72676     928     0.67873  764  539
  764      764.98023      538.71957     893     0.67997  765  539
  765      765.98020      538.71237     928     0.67938  766  539
  766      766.98018      538.70518     893     0.67903  767  539
  767      767.98015      538.69798     941     0.67922  768  539
  768      768.98013      538.69079     893     0.67815  769  539
  769      769.98010      538.68360     935     0.67944  770  539
  770      770.98007      538.67640     885     0.67802  771  539
  771      771.98005      538.66921     915     0.67892  772  539
  772      772.98002      538.66201     900     0.67665  773  539
  773      773.98000      538.65482     935     0.67704  774  539
  774      774.97997      538.64763     878     0.67618  775  539
  775      775.97994      538.64043     935     0.67845  776  539
  776      776.97992      538.63324     893     0.67819  777  539
  777      777.97989      538.62604     935     0.67812  778  539
  778      778.97987      538.61885     885     0.67968  779  539
  779      779.97984      538.61166     941     0.67892  780  539
  780      780.97982      538.60446     893     0.67866  781  539
  781      781.97979      538.59727     941     0.67774  782  539
  782      782.97976      538.59007     908     0.67817  783  539
  783      783.97974      538.58288     928     0.67927  784  539
  784      784.97971      538.57569     935     0.67855  785  539
  785      785.97969      538.56849     878     0.68039  786  539
  786      786.97966      538.56130     915     0.67951  787  539
  787      787.97963      538.55410     835     0.67995  788  539
  788      788.97961      538.54691     941     0.68016  789  539
  789      789.97958      538.53972     885     0.68002  790  539
  790      790.97956      538.53252     954     0.67943  791  539
  791      791.97953      538.52533     928     0.68127  792  539
  792      792.97950      538.51813     900     0.67978  793  539
  793      793.97948      538.51094     935     0.68091  794  539
  794      794.97945      538.50374     885     0.67983  795  539
  795      795.97943      538.49655     935     0.67950  796  538
  796      796.97940      538.48936     935     0.67965  797  538
  797      797.97938      538.48216     900     0.68107  798  538
  798      798.97935      538.47497     947     0.68020  799  538
  799      799.97932      538.46777     893     0.68195  800  538
  800      800.97930      538.46058     941     0.68259  801  538
  801      801.97927      538.45339     928     0.68285  802  538
  802      802.97925      538.44619     853     0.68367  803  538
  803      803.97922      538.43900     908     0.68257  804  538
  804      804.97919      538.43180     908     0.68450  805  538
  805      805.97917      538.42461     941     0.68306  806  538
  806      806.97914      538.41742     935     0.68402  807  538
  807      807.97912      538.41022     893     0.68430  808  538
  808      808.97909      538.40303     947     0.68417  809  538
  809      809.97907      538.39583     935     0.68493  810  538
  810      810.97904      538.38864     908     0.68528  811  538
  811      811.97901      538.38145     947     0.68521  812  538
  812      812.97899      538.37425     861     0.68472  813  538
  813      813.97896      538.36706     893     0.68634  814  538
  814      814.97894      538.35986     947     0.68546  815  538
  815      815.97891      538.35267     885     0.68692  816  538
  816      816.97888      538.34548     954     0.68726  817  538
  817      817.97886      538.33828     947     0.68712  818  538
  818      818.97883      538.33109     900     0.68798  819  538
  819      819.97881      538.32389     954     0.68720  820  538
  820      820.97878      538.31670     935     0.68826  821  538
  821      821.97875      538.30951     844     0.68788  822  538
  822      822.97873      538.30231     922     0.68939  823  538
  823      823.97870      538.29512     947     0.68954  824  538
  824      824.97868      538.28792     893     0.68966  825  538
  825      825.97865      538.28073     941     0.69002  826  538
  826      826.97863      538.27354     947     0.69031  827  538
  827      827.97860      538.26634     853     0.69045  828  538
  828      828.97857      538.25915     900     0.69111  829  538
  829      829.97855      538.25195     954     0.69023  830  538
  830      830.97852      538.24476     885     0.69010  831  538
  831      831.97850      538.23756     947     0.69133  832  538
  832      832.97847      538.23037     941     0.69063  833  538
  833      833.97844      538.22318     844     0.69056  834  538
  834      834.97842      538.21598     941     0.69148  835  538
  835      835.97839      538.20879     935     0.69153  836  538
  836      836.97837      538.20159     908     0.69231  837  538
  837      837.97834      538.19440     928     0.69170  838  538
  838      838.97831      538.18721     908     0.69159  839  538
  839      839.97829      538.18001     928     0.69165  840  538
  840      840.97826      538.17282     908     0.69230  841  538
  841      841.97824      538.16562     947     0.69229  842  538
  842      842.97821      538.15843     908     0.69342  843  538
  843      843.97819      538.15124     861     0.69218  844  538
  844      844.97816      538.14404     947     0.69236  845  538
  845      845.97813      538.13685     941     0.69344  846  538
  846      846.97811      538.12965     922     0.69250  847  538
  847      847.97808      538.12246     908     0.69328  848  538
  848      848.97806      538.11527     947     0.69300  849  538
  849      849.97803      538.10807     928     0.69159  850  538
  850      850.97800      538.10088     885     0.69334  851  538
  851      851.97798      538.09368     941     0.69126  852  538
  852      852.97795      538.08649     941     0.69295  853  538
  853      853.97793      538.07930     900     0.69339  854  538
  854      854.97790      538.07210     915     0.69172  855  538
  855      855.97787      538.06491     941     0.69147  856  538
  856      856.97785      538.05771     915     0.69244  857  538
  857      857.97782      538.05052     885     0.69341  858  538
  858      858.97780      538.04333     941     0.69370  859  538
  859      859.97777      538.03613     928     0.69114  860  538
  860      860.97775      538.02894     869     0.69284  861  538
  861      861.97772      538.02174     947     0.69277  862  538
  862      862.97769      538.01455     947     0.69313  863  538
  863      863.97767      538.00735     869     0.69235  864  538
  864      864.97764      538.00016     922     0.69302  865  538
  865      865.97762      537.99297     941     0.69256  866  538
  866      866.97759      537.98577     908     0.69206  867  538
  867      867.97756      537.97858     908     0.69182  868  538
  868      868.97754      537.97138     922     0.69203  869  538
  869      869.97751      537.96419     941     0.69231  870  538
  870      870.97749      537.95700     922     0.69128  871  538
  871      871.97746      537.94980     915     0.69108  872  538
  872      872.97743      537.94261     947     0.69155  873  538
  873      873.97741      537.93541     885     0.69238  874  538
  874      874.97738      537.92822     935     0.69287  875  538
  875      875.97736      537.92103     941     0.69236  876  538
  876      876.97733      537.91383     908     0.69285  877  538
  877      877.97731      537.90664     922     0.69331  878  538
  878      878.97728      537.89944     922     0.69405  879  538
  879      879.97725      537.89225     915     0.69381  880  538
  880      880.97723      537.88506     900     0.69425  881  538
  881      881.97720      537.87786     941     0.69396  882  538
  882      882.97718      537.87067     915     0.69467  883  538
  883      883.97715      537.86347     908     0.69398  884  538
  884      884.97712      537.85628     935     0.69432  885  538
  885      885.97710      537.84909     908     0.69470  886  538
  886      886.97707      537.84189     922     0.69510  887  538
  887      887.97705      537.83470     941     0.69552  888  538
  888      888.97702      537.82750     915     0.69560  889  538
  889      889.97699      537.82031     893     0.69539  890  538
  890      890.97697      537.81312     922     0.69566  891  538
  891      891.97694      537.80592     908     0.69600  892  538
  892      892.97692      537.79873     947     0.69606  893  538
  893      893.97689      537.79153     908     0.69683  894  538
  894      894.97687      537.78434     908     0.69673  895  538
  895      895.97684      537.77715     928     0.69722  896  538
  896      896.97681      537.76995     935     0.69762  897  538
  897      897.97679      537.76276     915     0.69762  898  538
  898      898.97676      537.75556     935     0.69764  899  538
  899      899.97674      537.74837     915     0.69806  900  538
  900      900.97671      537.74117     928     0.69758  901  538
  901      901.97668      537.73398     928     0.69891  902  538
  902      902.97666      537.72679     908     0.69760  903  538
  903      903.97663      537.71959     941     0.69885  904  538
  904      904.97661      537.71240     908     0.69933  905  538
  905      905.97658      537.70520     922     0.69889  906  538
  906      906.97655      537.69801     928     0.70019  907  538
  907      907.97653      537.69082     922     0.69894  908  538
  908      908.97650      537.68362     935     0.69976  909  538
  909      909.97648      537.67643     908     0.70019  910  538
  910      910.97645      537.66923     928     0.70024  911  538
  911      911.97643      537.66204     941     0.70105  912  538
  912      912.97640      537.65485     908     0.70104  913  538
  913      913.97637      537.64765     935     0.70106  914  538
  914      914.97635      537.64046     922     0.70201  915  538
  915      915.97632      537.63326     915     0.70134  916  538
  916      916.97630      537.62607     908     0.70161  917  538
  917      917.97627      537.61888     922     0.70221  918  538
  918      918.97624      537.61168     922     0.70256  919  538
  919      919.97622      537.60449     915     0.70279  920  538
  920      920.97619      537.59729     935     0.70224  921  538
  921      921.97617      537.59010     928     0.70285  922  538
  922      922.97614      537.58291     922     0.70234  923  538
  923      923.97611      537.57571     922     0.70349  924  538
  924      924.97609      537.56852     908     0.70331  925  538
