  TARGET                RA         DEC       MJD  FILTER  APER       FLUX  FLUXERR         MAG   MAGERR  MAGSYS       ZP      SKY SKYERR  IMAGE
S4                177.39780    22.39518  56966.487   F105W   inf     0.2089   0.2762     27.9687   1.4350     AB   26.2688  -0.0033 0.0234  refsdal_f105w_e01-e00_sub_masked.fits
S4                177.39780    22.39518  56972.058   F105W   inf     0.3231   0.4224     27.4953   1.4191     AB   26.2688  -0.0065 0.0349  refsdal_f105w_e02-e00_sub_masked.fits
S4                177.39780    22.39518  56982.306   F105W   inf     0.3519   0.2719     27.4027   0.8388     AB   26.2688   0.0024 0.0167  refsdal_f105w_e03-e00_sub_masked.fits
S4                177.39780    22.39518  56982.306   F105W   inf     0.3698   0.2421     27.3489   0.7107     AB   26.2688   0.0023 0.0191  refsdal_f105w_e05-e00_sub_masked.fits
S4                177.39780    22.39518  57002.868   F105W   inf     0.4219   0.1603     27.2058   0.4126     AB   26.2688  -0.0020 0.0110  refsdal_f105w_e11-e00_sub_masked.fits
S4                177.39780    22.39518  57006.982   F105W   inf     0.3372   0.1785     27.4491   0.5748     AB   26.2688  -0.0022 0.0103  refsdal_f105w_e12-e00_sub_masked.fits
S4                177.39780    22.39518  57011.893   F105W   inf     0.4025   0.0939     27.2568   0.2533     AB   26.2688  -0.0023 0.0123  refsdal_f105w_e13-e00_sub_masked.fits
S4                177.39780    22.39518  57014.879   F105W   inf     0.3902   0.1680     27.2907   0.4676     AB   26.2688  -0.0015 0.0104  refsdal_f105w_e14-e00_sub_masked.fits
S4                177.39780    22.39518  57015.808   F105W   inf     0.3854   0.1668     27.3041   0.4700     AB   26.2688  -0.0014 0.0102  refsdal_f105w_e15-e00_sub_masked.fits
S4                177.39780    22.39518  57006.982   F105W   inf     0.3532   0.1485     27.3986   0.4565     AB   26.2688  -0.0025 0.0118  refsdal_f105w_e16-e00_sub_masked.fits
S4                177.39780    22.39518  57017.798   F105W   inf     0.5389   0.1224     26.9400   0.2466     AB   26.2688  -0.0027 0.0112  refsdal_f105w_e17-e00_sub_masked.fits
S4                177.39780    22.39518  57020.583   F105W   inf     0.5204   0.1229     26.9779   0.2563     AB   26.2688  -0.0019 0.0110  refsdal_f105w_e19-e00_sub_masked.fits
S4                177.39780    22.39518  57023.766   F105W   inf     0.5656   0.1348     26.8876   0.2587     AB   26.2688  -0.0016 0.0117  refsdal_f105w_e20-e00_sub_masked.fits
S4                177.39780    22.39518  57025.557   F105W   inf     0.5402   0.1708     26.9374   0.3433     AB   26.2688  -0.0017 0.0108  refsdal_f105w_e21-e00_sub_masked.fits
S4                177.39780    22.39518  57026.485   F105W   inf     0.5575   0.1572     26.9032   0.3061     AB   26.2688  -0.0019 0.0121  refsdal_f105w_e22-e00_sub_masked.fits
S4                177.39780    22.39518  57027.812   F105W   inf     0.4798   0.2171     27.0661   0.4912     AB   26.2688  -0.0011 0.0095  refsdal_f105w_e23-e00_sub_masked.fits
S4                177.39780    22.39518  57020.583   F105W   inf     0.5233   0.1895     26.9720   0.3932     AB   26.2688  -0.0021 0.0124  refsdal_f105w_e24-e00_sub_masked.fits
S4                177.39780    22.39518  57023.766   F105W   inf     0.5816   0.1722     26.8572   0.3215     AB   26.2688  -0.0019 0.0116  refsdal_f105w_e25-e00_sub_masked.fits
S4                177.39780    22.39518  57025.557   F105W   inf     0.5791   0.1917     26.8619   0.3594     AB   26.2688  -0.0014 0.0116  refsdal_f105w_e26-e00_sub_masked.fits
S4                177.39780    22.39518  57026.485   F105W   inf     0.5547   0.1989     26.9087   0.3893     AB   26.2688  -0.0015 0.0110  refsdal_f105w_e27-e00_sub_masked.fits
S4                177.39780    22.39518  57027.812   F105W   inf     0.4938   0.1738     27.0350   0.3821     AB   26.2688  -0.0011 0.0116  refsdal_f105w_e28-e00_sub_masked.fits
S4                177.39780    22.39518  57132.096   F105W   inf     1.0992   0.2215     26.1661   0.2188     AB   26.2688  -0.0048 0.0219  refsdal_f105w_e34-e00_sub_masked.fits
S4                177.39780    22.39518  57149.065   F105W   inf     0.9523   0.2326     26.3219   0.2652     AB   26.2688  -0.0025 0.0227  refsdal_f105w_e38-e00_sub_masked.fits
S4                177.39780    22.39518  57168.279   F105W   inf     0.9744   0.1594     26.2969   0.1776     AB   26.2688  -0.0018 0.0183  refsdal_f105w_e39-e00_sub_masked.fits
S4                177.39780    22.39518  57216.278   F105W   inf     0.5757   0.1990     26.8683   0.3752     AB   26.2688  -0.0040 0.0209  refsdal_f105w_e42-e100_sub_despiked.fits
S4                177.39780    22.39518  57524.472   F105W   inf     0.0503   0.3163     29.5154   6.8303     AB   26.2688  -0.0033 0.0171  refsdal_f105w_e55-e00_sub_masked.fits
S4                177.39780    22.39518  56981.585   F125W   inf     0.5070   0.2388     26.9676   0.5114     AB   26.2302  -0.0009 0.0186  refsdal_f125w_e03-e100_sub_masked.fits
S4                177.39780    22.39518  56983.177   F125W   inf     0.5693   0.2344     26.8418   0.4469     AB   26.2302  -0.0007 0.0189  refsdal_f125w_e04-e100_sub_masked.fits
S4                177.39780    22.39518  56982.116   F125W   inf     0.5397   0.2302     26.8999   0.4632     AB   26.2302  -0.0036 0.0204  refsdal_f125w_e05-e00_sub_masked.fits
S4                177.39780    22.39518  56990.896   F125W   inf     0.2667   0.2628     27.6653   1.0697     AB   26.2302  -0.0025 0.0293  refsdal_f125w_e06-e100_sub_despiked.fits
S4                177.39780    22.39518  56992.952   F125W   inf     0.5514   0.2929     26.8766   0.5768     AB   26.2302  -0.0052 0.0287  refsdal_f125w_e07-e100_sub_despiked.fits
S4                177.39780    22.39518  56994.013   F125W   inf     0.5674   0.3187     26.8455   0.6098     AB   26.2302  -0.0020 0.0304  refsdal_f125w_e08-e100_sub_despiked.fits
S4                177.39780    22.39518  56996.732   F125W   inf     0.6411   0.2718     26.7130   0.4604     AB   26.2302  -0.0043 0.0288  refsdal_f125w_e09-e100_sub_despiked.fits
S4                177.39780    22.39518  56999.816   F125W   inf     0.5321   0.2057     26.9153   0.4196     AB   26.2302  -0.0049 0.0256  refsdal_f125w_e10-e100_sub_despiked.fits
S4                177.39780    22.39518  56994.013   F125W   inf     0.3624   0.3377     27.3324   1.0119     AB   26.2302   0.0007 0.0303  refsdal_f125w_e11-e00_sub_masked.fits
S4                177.39780    22.39518  57005.862   F125W   inf     0.7709   0.2346     26.5127   0.3304     AB   26.2302  -0.0006 0.0199  refsdal_f125w_e12-e100_sub_masked.fits
S4                177.39780    22.39518  56999.816   F125W   inf     0.2749   0.2154     27.6324   0.8509     AB   26.2302   0.0021 0.0253  refsdal_f125w_e13-e00_sub_masked.fits
S4                177.39780    22.39518  57005.862   F125W   inf     0.6851   0.2423     26.6408   0.3840     AB   26.2302  -0.0030 0.0199  refsdal_f125w_e15-e00_sub_masked.fits
S4                177.39780    22.39518  57019.942   F125W   inf     0.7600   0.3942     26.5281   0.5630     AB   26.2302  -0.0042 0.0474  refsdal_f125w_e18-e100_sub_despiked.fits
S4                177.39780    22.39518  57021.301   F125W   inf     0.6360   0.3318     26.7217   0.5665     AB   26.2302  -0.0021 0.0362  refsdal_f125w_e19-e100_sub_despiked.fits
S4                177.39780    22.39518  57025.811   F125W   inf     0.6520   0.3723     26.6945   0.6198     AB   26.2302   0.0002 0.0252  refsdal_f125w_e21-e00_sub_masked.fits
S4                177.39780    22.39518  57026.905   F125W   inf     1.0618   0.4753     26.1651   0.4860     AB   26.2302   0.0002 0.0320  refsdal_f125w_e22-e00_sub_masked.fits
S4                177.39780    22.39518  57019.942   F125W   inf     1.1850   0.3049     26.0459   0.2794     AB   26.2302   0.0004 0.0353  refsdal_f125w_e23-e00_sub_masked.fits
S4                177.39780    22.39518  57029.544   F125W   inf     0.8276   0.2343     26.4357   0.3074     AB   26.2302  -0.0030 0.0184  refsdal_f125w_e24-e00_sub_masked.fits
S4                177.39780    22.39518  57033.945   F125W   inf     1.4460   0.1666     25.8298   0.1251     AB   26.2302  -0.0075 0.0229  refsdal_f125w_e25-e00_sub_masked.fits
S4                177.39780    22.39518  57036.599   F125W   inf     1.0417   0.2614     26.1859   0.2724     AB   26.2302  -0.0066 0.0235  refsdal_f125w_e26-e00_sub_masked.fits
S4                177.39780    22.39518  57044.689   F125W   inf     1.7332   0.1790     25.6331   0.1122     AB   26.2302  -0.0051 0.0200  refsdal_f125w_e27-e00_sub_masked.fits
S4                177.39780    22.39518  57049.198   F125W   inf     1.0940   0.2259     26.1327   0.2242     AB   26.2302  -0.0057 0.0198  refsdal_f125w_e28-e00_sub_masked.fits
S4                177.39780    22.39518  57062.359   F125W   inf     1.5922   0.2190     25.7252   0.1493     AB   26.2302  -0.0010 0.0205  refsdal_f125w_e29-e00_sub_masked.fits
S4                177.39780    22.39518  57076.391   F125W   inf     1.2583   0.2485     25.9808   0.2145     AB   26.2302  -0.0030 0.0219  refsdal_f125w_e30-e00_sub_masked.fits
S4                177.39780    22.39518  57090.387   F125W   inf     1.4951   0.1700     25.7935   0.1234     AB   26.2302  -0.0021 0.0203  refsdal_f125w_e31-e00_sub_masked.fits
S4                177.39780    22.39518  57104.270   F125W   inf     1.3495   0.2021     25.9048   0.1626     AB   26.2302  -0.0080 0.0226  refsdal_f125w_e32-e00_sub_masked.fits
S4                177.39780    22.39518  57118.141   F125W   inf     1.6038   0.1449     25.7174   0.0981     AB   26.2302  -0.0076 0.0215  refsdal_f125w_e33-e00_sub_masked.fits
S4                177.39780    22.39518  57132.086   F125W   inf     1.5819   0.2759     25.7323   0.1893     AB   26.2302  -0.0068 0.0251  refsdal_f125w_e34-e00_sub_masked.fits
S4                177.39780    22.39518  57076.391   F125W   inf     1.2700   0.2501     25.9707   0.2138     AB   26.2302  -0.0021 0.0245  refsdal_f125w_e35-e00_sub_masked.fits
S4                177.39780    22.39518  57090.387   F125W   inf     1.5304   0.1560     25.7682   0.1106     AB   26.2302  -0.0031 0.0228  refsdal_f125w_e36-e00_sub_masked.fits
S4                177.39780    22.39518  57104.270   F125W   inf     1.3483   0.2683     25.9057   0.2160     AB   26.2302  -0.0077 0.0228  refsdal_f125w_e37-e00_sub_masked.fits
S4                177.39780    22.39518  57149.055   F125W   inf     1.5589   0.2651     25.7482   0.1846     AB   26.2302  -0.0043 0.0249  refsdal_f125w_e38-e00_sub_masked.fits
S4                177.39780    22.39518  57132.086   F125W   inf     1.5475   0.3228     25.7562   0.2265     AB   26.2302  -0.0066 0.0262  refsdal_f125w_e39-e00_sub_masked.fits
S4                177.39780    22.39518  57188.18    F125W   inf     1.7551   0.2477     25.6195   0.1532     AB   26.2302  -0.0036 0.0291  refsdal_f125w_e40-e100_sub_despiked.fits
S4                177.39780    22.39518  57216.21    F125W   inf     1.8561   0.2532     25.5587   0.1481     AB   26.2302  -0.0055 0.0294  refsdal_f125w_e42-e100_sub_despiked.fits
S4                177.39780    22.39518  57223.97    F125W   inf     1.1465   0.2663     26.0818   0.2522     AB   26.2302   0.0016 0.0259  refsdal_f125w_e43-e100_sub_masked.fits
S4                177.39780    22.39518  57325.83    F125W   inf     0.2903   0.3376     27.5731   1.2628     AB   26.2302  -0.0006 0.0313  refsdal_f125w_e44-e100_sub_despiked.fits
S4                177.39780    22.39518  57340.937   F125W   inf     0.4433   0.4097     27.1135   1.0034     AB   26.2302  -0.0030 0.0251  refsdal_f125w_e45-e00_sub_masked.fits
S4                177.39780    22.39518  57367.044   F125W   inf     0.2114   0.3220     27.9174   1.6538     AB   26.2302  -0.0043 0.0244  refsdal_f125w_e46-e00_sub_masked.fits
S4                177.39780    22.39518  57402.112   F125W   inf     0.5636   0.2389     26.8528   0.4603     AB   26.2302  -0.0046 0.0216  refsdal_f125w_e47-e00_sub_masked.fits
S4                177.39780    22.39518  57428.433   F125W   inf     0.5112   0.1933     26.9587   0.4105     AB   26.2302  -0.0054 0.0172  refsdal_f125w_e48-e00_sub_masked.fits
S4                177.39780    22.39518  57444.575   F125W   inf     0.0435   0.2958     29.6349   7.3885     AB   26.2302  -0.0019 0.0207  refsdal_f125w_e49-e00_sub_masked.fits
S4                177.39780    22.39518  57459.026   F125W   inf     0.2412   0.1796     27.7743   0.8084     AB   26.2302  -0.0048 0.0211  refsdal_f125w_e50-e00_sub_masked.fits
S4                177.39780    22.39518  57472.528   F125W   inf     0.2486   0.2583     27.7415   1.1280     AB   26.2302  -0.0077 0.0205  refsdal_f125w_e51-e00_sub_masked.fits
S4                177.39780    22.39518  57493.261   F125W   inf     0.2406   0.2594     27.7768   1.1705     AB   26.2302  -0.0056 0.0205  refsdal_f125w_e52-e00_sub_masked.fits
S4                177.39780    22.39518  57507.527   F125W   inf     0.1926   0.2433     28.0187   1.3717     AB   26.2302  -0.0044 0.0225  refsdal_f125w_e53-e00_sub_masked.fits
S4                177.39780    22.39518  57521.267   F125W   inf     0.3176   0.2596     27.4755   0.8874     AB   26.2302  -0.0058 0.0226  refsdal_f125w_e54-e00_sub_masked.fits
S4                177.39780    22.39518  57524.475   F125W   inf     0.4706   0.2978     27.0487   0.6871     AB   26.2302  -0.0072 0.0199  refsdal_f125w_e55-e00_sub_masked.fits
S4                177.39780    22.39518  57524.607   F125W   inf     0.3737   0.2408     27.2989   0.6997     AB   26.2302  -0.0061 0.0180  refsdal_f125w_e56-e00_sub_masked.fits
S4                177.39780    22.39518  57527.183   F125W   inf     0.1372   0.2481     28.3867   1.9629     AB   26.2302  -0.0067 0.0220  refsdal_f125w_e57-e00_sub_masked.fits
S4                177.39780    22.39518  57532.018   F125W   inf    -0.0548   0.4555     25.8911  -9.0000     AB   26.2302  -0.0049 0.0253  refsdal_f125w_e58-e00_sub_masked.fits
S4                177.39780    22.39518  57534.270   F125W   inf     0.3356   0.2683     27.4156   0.8679     AB   26.2302  -0.0026 0.0293  refsdal_f125w_e59-e00_sub_masked.fits
S4                177.39780    22.39518  57536.058   F125W   inf     0.0641   0.4078     29.2138   6.9119     AB   26.2302  -0.0022 0.0276  refsdal_f125w_e60-e00_sub_masked.fits
S4                177.39780    22.39518  57537.052   F125W   inf    -0.0663   0.4403     25.9279  -9.0000     AB   26.2302  -0.0020 0.0300  refsdal_f125w_e61-e00_sub_masked.fits
S4                177.39780    22.39518  57538.310   F125W   inf    -0.0117   0.4757     25.8442  -9.0000     AB   26.2302  -0.0079 0.0242  refsdal_f125w_e62-e00_sub_masked.fits
S4                177.39780    22.39518  57541.093   F125W   inf    -0.0068   0.3478     26.1840  -9.0000     AB   26.2302  -0.0065 0.0226  refsdal_f125w_e63-e00_sub_masked.fits
S4                177.39780    22.39518  57545.067   F125W   inf     0.2177   0.1920     27.8854   0.9574     AB   26.2302  -0.0023 0.0262  refsdal_f125w_e64-e00_sub_masked.fits
S4                177.39780    22.39518  57547.054   F125W   inf     0.1773   0.2275     28.1082   1.3929     AB   26.2302  -0.0030 0.0257  refsdal_f125w_e65-e00_sub_masked.fits
S4                177.39780    22.39518  57549.005   F125W   inf     0.1672   0.2435     28.1724   1.5814     AB   26.2302  -0.0030 0.0220  refsdal_f125w_e66-e00_sub_masked.fits
S4                177.39780    22.39518  57550.039   F125W   inf     0.4327   0.2498     27.1396   0.6268     AB   26.2302  -0.0035 0.0236  refsdal_f125w_e67-e00_sub_masked.fits
S4                177.39780    22.39518  57551.666   F125W   inf     0.1481   0.2273     28.3041   1.6666     AB   26.2302  -0.0021 0.0265  refsdal_f125w_e68-e00_sub_masked.fits
S4                177.39780    22.39518  57553.731   F125W   inf     0.0079   0.2754     31.4831  37.7468     AB   26.2302  -0.0025 0.0253  refsdal_f125w_e69-e00_sub_masked.fits
S4                177.39780    22.39518  57555.907   F125W   inf     0.1357   0.2510     28.3987   2.0085     AB   26.2302  -0.0045 0.0256  refsdal_f125w_e70-e00_sub_masked.fits
S4                177.39780    22.39518  57557.498   F125W   inf     0.1394   0.3387     28.3695   2.6374     AB   26.2302  -0.0045 0.0271  refsdal_f125w_e71-e00_sub_masked.fits
S4                177.39780    22.39518  57566.203   F125W   inf     0.1538   0.2349     28.2625   1.6575     AB   26.2302  -0.0049 0.0309  refsdal_f125w_e72-e00_sub_masked.fits
S4                177.39780    22.39518  57569.250   F125W   inf    -0.2266   0.4534     25.8963  -9.0000     AB   26.2302  -0.0014 0.0266  refsdal_f125w_e73-e00_sub_masked.fits
S4                177.39780    22.39518  56971.993   F140W   inf     0.8038   0.3485     26.6895   0.4707     AB   26.4523  -0.0021 0.0290  refsdal_f140w_e02-e00_sub_masked.fits
S4                177.39780    22.39518  56982.116   F140W   inf     0.5803   0.2703     27.0432   0.5058     AB   26.4523   0.0021 0.0159  refsdal_f140w_e03-e00_sub_masked.fits
S4                177.39780    22.39518  56983.177   F140W   inf     0.6535   0.2712     26.9142   0.4505     AB   26.4523   0.0017 0.0151  refsdal_f140w_e04-e00_sub_masked.fits
S4                177.39780    22.39518  56984.836   F140W   inf     0.6502   0.4183     26.9197   0.6984     AB   26.4523   0.0017 0.0172  refsdal_f140w_e05-e00_sub_masked.fits
S4                177.39780    22.39518  56983.177   F140W   inf     0.6845   0.2922     26.8639   0.4635     AB   26.4523   0.0013 0.0167  refsdal_f140w_e06-e00_sub_masked.fits
S4                177.39780    22.39518  56984.836   F140W   inf     0.6849   0.3497     26.8632   0.5543     AB   26.4523   0.0007 0.0159  refsdal_f140w_e07-e00_sub_masked.fits
S4                177.39780    22.39518  56990.911   F160W   inf    -0.0623   0.6872     25.1607  -9.0000     AB   25.9462   0.0102 0.0301  refsdal_f160w_e06-e00_sub_masked.fits
S4                177.39780    22.39518  56992.967   F160W   inf    -0.2228   0.7336     25.0897  -9.0000     AB   25.9462   0.0107 0.0286  refsdal_f160w_e07-e00_sub_masked.fits
S4                177.39780    22.39518  56994.028   F160W   inf    -0.1776   0.6731     25.1832  -9.0000     AB   25.9462   0.0101 0.0313  refsdal_f160w_e08-e00_sub_masked.fits
S4                177.39780    22.39518  56996.747   F160W   inf     0.1075   0.4370     28.3679   4.4142     AB   25.9462   0.0140 0.0329  refsdal_f160w_e09-e00_sub_masked.fits
S4                177.39780    22.39518  56999.831   F160W   inf    -0.0486   0.3860     25.7869  -9.0000     AB   25.9462   0.0121 0.0274  refsdal_f160w_e10-e00_sub_masked.fits
S4                177.39780    22.39518  57002.885   F160W   inf     0.2573   0.2492     27.4202   1.0515     AB   25.9462   0.0014 0.0124  refsdal_f160w_e11-e00_sub_masked.fits
S4                177.39780    22.39518  57006.999   F160W   inf     0.1853   0.2053     27.7763   1.2023     AB   25.9462   0.0020 0.0119  refsdal_f160w_e12-e00_sub_masked.fits
S4                177.39780    22.39518  57011.910   F160W   inf     0.4639   0.2694     26.7801   0.6304     AB   25.9462   0.0006 0.0122  refsdal_f160w_e13-e00_sub_masked.fits
S4                177.39780    22.39518  57014.896   F160W   inf     0.5076   0.2939     26.6825   0.6286     AB   25.9462   0.0018 0.0114  refsdal_f160w_e14-e00_sub_masked.fits
S4                177.39780    22.39518  57015.825   F160W   inf     0.3022   0.2431     27.2455   0.8733     AB   25.9462   0.0025 0.0115  refsdal_f160w_e15-e00_sub_masked.fits
S4                177.39780    22.39518  57016.791   F160W   inf     0.6056   0.4934     26.4907   0.8845     AB   25.9462   0.0095 0.0259  refsdal_f160w_e16-e00_sub_masked.fits
S4                177.39780    22.39518  57017.815   F160W   inf     0.4164   0.2557     26.8975   0.6666     AB   25.9462   0.0020 0.0114  refsdal_f160w_e17-e00_sub_masked.fits
S4                177.39780    22.39518  57019.179   F160W   inf     0.6651   0.2780     26.3891   0.4538     AB   25.9462   0.0105 0.0223  refsdal_f160w_e18-e00_sub_masked.fits
S4                177.39780    22.39518  57021.196   F160W   inf     0.4806   0.2493     26.7418   0.5632     AB   25.9462   0.0025 0.0121  refsdal_f160w_e19-e00_sub_masked.fits
S4                177.39780    22.39518  57023.783   F160W   inf     0.4948   0.2399     26.7101   0.5264     AB   25.9462   0.0019 0.0129  refsdal_f160w_e20-e00_sub_masked.fits
S4                177.39780    22.39518  57026.038   F160W   inf     0.5328   0.2418     26.6298   0.4927     AB   25.9462   0.0019 0.0115  refsdal_f160w_e21-e00_sub_masked.fits
S4                177.39780    22.39518  57026.502   F160W   inf     0.5704   0.1942     26.5558   0.3697     AB   25.9462   0.0016 0.0123  refsdal_f160w_e22-e00_sub_masked.fits
S4                177.39780    22.39518  57027.829   F160W   inf     0.5658   0.2906     26.5646   0.5576     AB   25.9462   0.0020 0.0132  refsdal_f160w_e23-e00_sub_masked.fits
S4                177.39780    22.39518  57021.196   F160W   inf     0.4770   0.2874     26.7500   0.6543     AB   25.9462   0.0019 0.0122  refsdal_f160w_e24-e00_sub_masked.fits
S4                177.39780    22.39518  57033.961   F160W   inf     0.6030   0.1703     26.4953   0.3066     AB   25.9462  -0.0013 0.0155  refsdal_f160w_e25-e00_sub_masked.fits
S4                177.39780    22.39518  57036.615   F160W   inf     0.9341   0.1207     26.0203   0.1403     AB   25.9462  -0.0013 0.0154  refsdal_f160w_e26-e00_sub_masked.fits
S4                177.39780    22.39518  57044.705   F160W   inf     0.7067   0.1860     26.3231   0.2857     AB   25.9462  -0.0023 0.0157  refsdal_f160w_e27-e00_sub_masked.fits
S4                177.39780    22.39518  57049.213   F160W   inf     0.8868   0.1330     26.0767   0.1629     AB   25.9462  -0.0020 0.0133  refsdal_f160w_e28-e00_sub_masked.fits
S4                177.39780    22.39518  57062.398   F160W   inf     1.0487   0.1675     25.8946   0.1734     AB   25.9462   0.0021 0.0161  refsdal_f160w_e29-e00_sub_masked.fits
S4                177.39780    22.39518  57076.407   F160W   inf     0.9902   0.2170     25.9570   0.2380     AB   25.9462   0.0029 0.0177  refsdal_f160w_e30-e00_sub_masked.fits
S4                177.39780    22.39518  57090.419   F160W   inf     1.0557   0.1949     25.8874   0.2004     AB   25.9462   0.0013 0.0146  refsdal_f160w_e31-e00_sub_masked.fits
S4                177.39780    22.39518  57104.308   F160W   inf     1.2913   0.1798     25.6686   0.1512     AB   25.9462  -0.0029 0.0159  refsdal_f160w_e32-e00_sub_masked.fits
S4                177.39780    22.39518  57118.228   F160W   inf     1.1518   0.2449     25.7928   0.2308     AB   25.9462  -0.0061 0.0175  refsdal_f160w_e33-e00_sub_masked.fits
S4                177.39780    22.39518  57132.107   F160W   inf     1.3760   0.2824     25.5997   0.2228     AB   25.9462  -0.0024 0.0207  refsdal_f160w_e34-e00_sub_masked.fits
S4                177.39780    22.39518  57076.407   F160W   inf     0.9907   0.2249     25.9564   0.2464     AB   25.9462   0.0026 0.0167  refsdal_f160w_e35-e00_sub_masked.fits
S4                177.39780    22.39518  57090.419   F160W   inf     1.0534   0.2108     25.8898   0.2172     AB   25.9462   0.0017 0.0168  refsdal_f160w_e36-e00_sub_masked.fits
S4                177.39780    22.39518  57104.308   F160W   inf     1.3369   0.1407     25.6309   0.1142     AB   25.9462  -0.0036 0.0183  refsdal_f160w_e37-e00_sub_masked.fits
S4                177.39780    22.39518  57149.076   F160W   inf     1.2083   0.2055     25.7408   0.1847     AB   25.9462  -0.0015 0.0201  refsdal_f160w_e38-e00_sub_masked.fits
S4                177.39780    22.39518  57168.295   F160W   inf     1.5587   0.2554     25.4643   0.1779     AB   25.9462  -0.0017 0.0150  refsdal_f160w_e39-e00_sub_masked.fits
S4                177.39780    22.39518  57188.186   F160W   inf     1.2763   0.2689     25.6814   0.2288     AB   25.9462  -0.0033 0.0220  refsdal_f160w_e40-e100_sub_despiked.fits
S4                177.39780    22.39518  57208.093   F160W   inf     0.7630   0.1988     26.2399   0.2829     AB   25.9462  -0.0036 0.0219  refsdal_f160w_e41-e100_sub_despiked.fits
S4                177.39780    22.39518  57216.220   F160W   inf     1.4156   0.3809     25.5689   0.2921     AB   25.9462  -0.0055 0.0274  refsdal_f160w_e42-e100_sub_despiked.fits
S4                177.39780    22.39518  57223.996   F160W   inf     1.3613   0.2905     25.6113   0.2317     AB   25.9462  -0.0032 0.0250  refsdal_f160w_e43-e100_sub_despiked.fits
S4                177.39780    22.39518  57325.840   F160W   inf     0.0661   0.3676     28.8952   6.0352     AB   25.9462   0.0013 0.0248  refsdal_f160w_e44-e100_sub_despiked.fits
S4                177.39780    22.39518  57340.953   F160W   inf     0.0690   0.3590     28.8486   5.6460     AB   25.9462   0.0021 0.0172  refsdal_f160w_e45-e00_sub_masked.fits
S4                177.39780    22.39518  57367.060   F160W   inf    -0.0271   0.2302     26.3483  -9.0000     AB   25.9462   0.0004 0.0151  refsdal_f160w_e46-e00_sub_masked.fits
S4                177.39780    22.39518  57402.151   F160W   inf     0.3856   0.2017     26.9809   0.5679     AB   25.9462   0.0001 0.0136  refsdal_f160w_e47-e00_sub_masked.fits
S4                177.39780    22.39518  57429.508   F160W   inf     0.2840   0.1526     27.3130   0.5835     AB   25.9462  -0.0005 0.0109  refsdal_f160w_e48-e00_sub_masked.fits
S4                177.39780    22.39518  57444.606   F160W   inf    -0.3660   0.4463     25.6292  -9.0000     AB   25.9462   0.0005 0.0155  refsdal_f160w_e49-e00_sub_masked.fits
S4                177.39780    22.39518  57459.094   F160W   inf    -0.0567   0.2167     26.4139  -9.0000     AB   25.9462  -0.0009 0.0147  refsdal_f160w_e50-e00_sub_masked.fits
S4                177.39780    22.39518  57472.543   F160W   inf    -0.0867   0.1664     26.7005  -9.0000     AB   25.9462  -0.0044 0.0141  refsdal_f160w_e51-e00_sub_masked.fits
S4                177.39780    22.39518  57493.299   F160W   inf    -0.2316   0.3560     25.8747  -9.0000     AB   25.9462  -0.0020 0.0170  refsdal_f160w_e52-e00_sub_masked.fits
S4                177.39780    22.39518  57507.575   F160W   inf    -0.0434   0.3607     25.8604  -9.0000     AB   25.9462  -0.0016 0.0171  refsdal_f160w_e53-e00_sub_masked.fits
S4                177.39780    22.39518  57521.297   F160W   inf    -0.0136   0.3737     25.8221  -9.0000     AB   25.9462  -0.0036 0.0162  refsdal_f160w_e54-e00_sub_masked.fits
S4                177.39780    22.39518  57524.545   F160W   inf    -0.0229   0.2758     26.1518  -9.0000     AB   25.9462  -0.0033 0.0126  refsdal_f160w_e56-e00_sub_masked.fits
S4                177.39780    22.39518  57527.198   F160W   inf     0.0570   0.2571     29.0570   4.8989     AB   25.9462  -0.0024 0.0169  refsdal_f160w_e57-e00_sub_masked.fits
S4                177.39780    22.39518  57541.130   F160W   inf     0.0486   0.3071     29.2300   6.8631     AB   25.9462  -0.0043 0.0190  refsdal_f160w_e63-e00_sub_masked.fits
S4                177.39780    22.39518  57545.104   F160W   inf     0.4757   0.2679     26.7530   0.6114     AB   25.9462   0.0052 0.0287  refsdal_f160w_e64-e00_sub_masked.fits
S4                177.39780    22.39518  57547.091   F160W   inf     0.7224   0.2580     26.2993   0.3877     AB   25.9462   0.0053 0.0290  refsdal_f160w_e65-e00_sub_masked.fits
S4                177.39780    22.39518  57549.045   F160W   inf     0.8103   0.2747     26.1746   0.3680     AB   25.9462   0.0035 0.0270  refsdal_f160w_e66-e00_sub_masked.fits
S4                177.39780    22.39518  57550.102   F160W   inf     0.5650   0.3023     26.5661   0.5808     AB   25.9462   0.0028 0.0290  refsdal_f160w_e67-e00_sub_masked.fits
S4                177.39780    22.39518  57551.707   F160W   inf     0.2962   0.2705     27.2673   0.9913     AB   25.9462   0.0044 0.0298  refsdal_f160w_e68-e00_sub_masked.fits
S4                177.39780    22.39518  57553.785   F160W   inf     0.3663   0.2851     27.0368   0.8451     AB   25.9462   0.0041 0.0288  refsdal_f160w_e69-e00_sub_masked.fits
S4                177.39780    22.39518  57555.946   F160W   inf     0.2917   0.2896     27.2839   1.0778     AB   25.9462   0.0024 0.0317  refsdal_f160w_e70-e00_sub_masked.fits
S4                177.39780    22.39518  57557.527   F160W   inf     0.3826   0.3039     26.9893   0.8623     AB   25.9462   0.0059 0.0294  refsdal_f160w_e71-e00_sub_masked.fits
S4                177.39780    22.39518  57566.219   F160W   inf    -0.4631   0.5655     25.3723  -9.0000     AB   25.9462   0.0053 0.0316  refsdal_f160w_e72-e00_sub_masked.fits
S4                177.39780    22.39518  57569.265   F160W   inf    -0.3213   0.3481     25.8991  -9.0000     AB   25.9462   0.0073 0.0334  refsdal_f160w_e73-e00_sub_masked.fits
S4                177.39780    22.39518  56985.497   F814W   inf    -0.0049   0.0394     27.4246  -9.0000     AB   25.1072   0.0002 0.0029  refsdal_f814w_e05-e00_sub_masked.fits
S4                177.39780    22.39518  57014.281   F814W   inf     0.0183   0.0225     29.4533   1.3378     AB   25.1072  -0.0001 0.0020  refsdal_f814w_e14-e00_sub_masked.fits
S4                177.39780    22.39518  57132.030   F814W   inf     0.1481   0.0369     28.0206   0.2703     AB   25.9470  -0.0001 0.0034  refsdal_f814w_e34-e00_sub_masked.fits
S4                177.39780    22.39518  57134.656   F814W   inf     0.1324   0.0240     28.1420   0.1970     AB   25.9470  -0.0001 0.0029  refsdal_f814w_e35-e00_sub_masked.fits
S4                177.39780    22.39518  57137.591   F814W   inf     0.0899   0.0227     28.5621   0.2745     AB   25.9470  -0.0001 0.0028  refsdal_f814w_e36-e00_sub_masked.fits
S4                177.39780    22.39518  57142.000   F814W   inf     0.0897   0.0254     28.5650   0.3080     AB   25.9470  -0.0001 0.0026  refsdal_f814w_e37-e00_sub_masked.fits
S4                177.39780    22.39518  57150.483   F814W   inf     0.1083   0.0281     28.3607   0.2815     AB   25.9470  -0.0002 0.0030  refsdal_f814w_e38-e00_sub_masked.fits
S4                177.39780    22.39518  57158.611   F814W   inf     0.1488   0.0298     28.0156   0.2172     AB   25.9470  -0.0003 0.0031  refsdal_f814w_e39-e00_sub_masked.fits
S4                177.39780    22.39518  57137.591   F814W   inf     0.0899   0.0260     28.5629   0.3142     AB   25.9470  -0.0001 0.0027  refsdal_f814w_e40-e00_sub_masked.fits
S4                177.39780    22.39518  57142.000   F814W   inf     0.0912   0.0235     28.5474   0.2795     AB   25.9470  -0.0001 0.0026  refsdal_f814w_e41-e00_sub_masked.fits
S4                177.39780    22.39518  57150.483   F814W   inf     0.1107   0.0247     28.3365   0.2419     AB   25.9470  -0.0002 0.0030  refsdal_f814w_e42-e00_sub_masked.fits
S4                177.39780    22.39518  57158.611   F814W   inf     0.1467   0.0337     28.0308   0.2493     AB   25.9470  -0.0003 0.0031  refsdal_f814w_e43-e00_sub_masked.fits
S4                177.39780    22.39518  57524.375   F814W   inf    -0.0366   0.0742     27.5776  -9.0000     AB   25.9470  -0.0005 0.0045  refsdal_f814w_e55-e00_sub_masked.fits
S4                177.39780    22.39518  57531.494   F814W   inf     0.0633   0.0828     28.9428   1.4198     AB   25.9470  -0.0001 0.0076  refsdal_f814w_e58-e00_sub_masked.fits
S4                177.39780    22.39518  56985.434   F606W   inf    -0.0497   0.0869     27.5226  -9.0000     AB   26.0626   0.0005 0.0047  refsdal_f606w_e05-e00_sub_masked.fits
S4                177.39780    22.39518  56985.434   F606W   inf    -0.0597   0.0965     27.4086  -9.0000     AB   26.0626  -0.0020 0.0067  refsdal_f606w_e08-e00_sub_masked.fits
S4                177.39780    22.39518  57150.500   F606W   inf    -0.0066   0.0708     28.1754  -9.0000     AB   26.4930   0.0002 0.0049  refsdal_f606w_e38-e00_sub_masked.fits
S4                177.39780    22.39518  57158.479   F606W   inf    -0.0082   0.0759     28.0995  -9.0000     AB   26.4930   0.0002 0.0052  refsdal_f606w_e39-e00_sub_masked.fits
S4                177.39780    22.39518  57150.500   F606W   inf    -0.0035   0.0628     28.3048  -9.0000     AB   26.4930   0.0001 0.0050  refsdal_f606w_e42-e00_sub_masked.fits
S4                177.39780    22.39518  57158.479   F606W   inf    -0.0068   0.0686     28.2089  -9.0000     AB   26.4930   0.0001 0.0053  refsdal_f606w_e43-e00_sub_masked.fits
S4                177.39780    22.39518  57524.276   F606W   inf    -0.0360   0.1162     27.6371  -9.0000     AB   26.4930  -0.0005 0.0070  refsdal_f606w_e55-e00_sub_masked.fits
S4                177.39780    22.39518  57531.709   F606W   inf    -0.0944   0.1578     26.8080  -9.0000     AB   25.9959   0.0023 0.0055  refsdal_f606w_e58-e00_sub_masked.fits
S4                177.39780    22.39518  57534.286   F606W   inf    -0.1462   0.1723     26.7209  -9.0000     AB   26.0044   0.0012 0.0067  refsdal_f606w_e59-e00_sub_masked.fits
S4                177.39780    22.39518  57536.096   F606W   inf    -0.0914   0.1389     26.9550  -9.0000     AB   26.0044   0.0011 0.0074  refsdal_f606w_e60-e00_sub_masked.fits
S4                177.39780    22.39518  57537.090   F606W   inf    -0.0562   0.1800     26.6732  -9.0000     AB   26.0044   0.0018 0.0074  refsdal_f606w_e61-e00_sub_masked.fits
S4                177.39780    22.39518  57131.540   F435W   inf    -0.0978   0.0960     27.0166  -9.0000     AB   25.6650  -0.0001 0.0043  refsdal_f435w_e34-e00_sub_masked.fits
S4                177.39780    22.39518  57137.606   F435W   inf    -0.0199   0.0650     27.4393  -9.0000     AB   25.6650   0.0001 0.0037  refsdal_f435w_e36-e00_sub_masked.fits
S4                177.39780    22.39518  57142.015   F435W   inf    -0.0324   0.0646     27.4474  -9.0000     AB   25.6650   0.0001 0.0034  refsdal_f435w_e37-e00_sub_masked.fits
S4                177.39780    22.39518  57131.540   F435W   inf    -0.1005   0.0974     27.0013  -9.0000     AB   25.6650  -0.0001 0.0043  refsdal_f435w_e39-e00_sub_masked.fits
S4                177.39780    22.39518  57137.606   F435W   inf    -0.0265   0.0704     27.3527  -9.0000     AB   25.6650   0.0001 0.0037  refsdal_f435w_e40-e00_sub_masked.fits
S4                177.39780    22.39518  57142.015   F435W   inf    -0.0376   0.0610     27.5085  -9.0000     AB   25.6650   0.0000 0.0034  refsdal_f435w_e41-e00_sub_masked.fits
S4                177.39780    22.39518  57531.462   F435W   inf    -0.0430   0.1293     26.6935  -9.0000     AB   25.6650   0.0006 0.0071  refsdal_f435w_e58-e00_sub_masked.fits
