	target                RA         DEC       mjd  filter  APER       flux  fluxerr         MAG   MAGERR  MAGSYS       zp      SKY SKYERR  IMAGE
S1                177.39822    22.39563  56966.487   F105W   inf     1.0306   0.1597     26.2360   0.1683     AB   26.2688  -0.0019 0.0176  refsdal_f105w_e01-e00_sub_masked.fits
S1                177.39822    22.39563  56972.058   F105W   inf     0.8560   0.5263     26.4377   0.6675     AB   26.2688   0.0037 0.0311  refsdal_f105w_e02-e00_sub_masked.fits
S1                177.39822    22.39563  56982.306   F105W   inf     1.2408   0.1483     26.0346   0.1298     AB   26.2688   0.0027 0.0135  refsdal_f105w_e03-e00_sub_masked.fits
S1                177.39822    22.39563  56982.306   F105W   inf     1.2661   0.1262     26.0126   0.1082     AB   26.2688   0.0026 0.0144  refsdal_f105w_e05-e00_sub_masked.fits
S1                177.39822    22.39563  57002.868   F105W   inf     1.5659   0.1151     25.7819   0.0798     AB   26.2688  -0.0004 0.0086  refsdal_f105w_e11-e00_sub_masked.fits
S1                177.39822    22.39563  57006.982   F105W   inf     1.6834   0.1329     25.7033   0.0857     AB   26.2688  -0.0008 0.0091  refsdal_f105w_e12-e00_sub_masked.fits
S1                177.39822    22.39563  57011.893   F105W   inf     1.8931   0.1196     25.5759   0.0686     AB   26.2688   0.0002 0.0083  refsdal_f105w_e13-e00_sub_masked.fits
S1                177.39822    22.39563  57014.879   F105W   inf     1.8857   0.1048     25.5801   0.0604     AB   26.2688  -0.0005 0.0088  refsdal_f105w_e14-e00_sub_masked.fits
S1                177.39822    22.39563  57015.808   F105W   inf     1.9856   0.1325     25.5241   0.0725     AB   26.2688  -0.0003 0.0089  refsdal_f105w_e15-e00_sub_masked.fits
S1                177.39822    22.39563  57006.982   F105W   inf     1.6876   0.1317     25.7007   0.0848     AB   26.2688  -0.0008 0.0096  refsdal_f105w_e16-e00_sub_masked.fits
S1                177.39822    22.39563  57017.798   F105W   inf     1.8941   0.0907     25.5753   0.0520     AB   26.2688  -0.0005 0.0084  refsdal_f105w_e17-e00_sub_masked.fits
S1                177.39822    22.39563  57020.583   F105W   inf     1.7271   0.1075     25.6755   0.0676     AB   26.2688  -0.0000 0.0084  refsdal_f105w_e19-e00_sub_masked.fits
S1                177.39822    22.39563  57023.766   F105W   inf     2.1032   0.0866     25.4616   0.0447     AB   26.2688  -0.0002 0.0083  refsdal_f105w_e20-e00_sub_masked.fits
S1                177.39822    22.39563  57025.557   F105W   inf     2.0128   0.1100     25.5093   0.0593     AB   26.2688   0.0004 0.0085  refsdal_f105w_e21-e00_sub_masked.fits
S1                177.39822    22.39563  57026.485   F105W   inf     2.1156   0.1354     25.4552   0.0695     AB   26.2688  -0.0006 0.0086  refsdal_f105w_e22-e00_sub_masked.fits
S1                177.39822    22.39563  57027.812   F105W   inf     2.0493   0.1037     25.4898   0.0549     AB   26.2688  -0.0002 0.0086  refsdal_f105w_e23-e00_sub_masked.fits
S1                177.39822    22.39563  57020.583   F105W   inf     1.4401   0.1220     25.8728   0.0920     AB   26.2688  -0.0001 0.0091  refsdal_f105w_e24-e00_sub_masked.fits
S1                177.39822    22.39563  57023.766   F105W   inf     1.7889   0.0827     25.6373   0.0502     AB   26.2688  -0.0003 0.0090  refsdal_f105w_e25-e00_sub_masked.fits
S1                177.39822    22.39563  57025.557   F105W   inf     2.0795   0.1109     25.4739   0.0579     AB   26.2688   0.0003 0.0093  refsdal_f105w_e26-e00_sub_masked.fits
S1                177.39822    22.39563  57026.485   F105W   inf     1.9054   0.1389     25.5689   0.0792     AB   26.2688  -0.0006 0.0092  refsdal_f105w_e27-e00_sub_masked.fits
S1                177.39822    22.39563  57027.812   F105W   inf     2.1426   0.1316     25.4415   0.0667     AB   26.2688  -0.0002 0.0094  refsdal_f105w_e28-e00_sub_masked.fits
S1                177.39822    22.39563  57132.096   F105W   inf     2.7385   0.1716     25.1750   0.0680     AB   26.2688  -0.0001 0.0163  refsdal_f105w_e34-e00_sub_masked.fits
S1                177.39822    22.39563  57149.065   F105W   inf     2.4648   0.1674     25.2894   0.0737     AB   26.2688  -0.0012 0.0166  refsdal_f105w_e38-e00_sub_masked.fits
S1                177.39822    22.39563  57168.279   F105W   inf     2.1075   0.1657     25.4594   0.0854     AB   26.2688  -0.0013 0.0137  refsdal_f105w_e39-e00_sub_masked.fits
S1                177.39822    22.39563  57208.058   F105W   inf     1.8469   0.1720     25.6027   0.1011     AB   26.2688  -0.0002 0.0149  refsdal_f105w_e41-e00_sub_masked.fits
S1                177.39822    22.39563  57216.278   F105W   inf     1.7660   0.1082     25.6514   0.0665     AB   26.2688  -0.0020 0.0112  refsdal_f105w_e42-e00_sub_masked.fits
S1                177.39822    22.39563  57524.472   F105W   inf     0.0723   0.1107     29.1213   1.6626     AB   26.2688  -0.0017 0.0126  refsdal_f105w_e55-e00_sub_masked.fits
S1                177.39822    22.39563  56981.585   F125W   inf     2.0759   0.1605     25.4372   0.0839     AB   26.2302  -0.0017 0.0119  refsdal_f125w_e03-e00_sub_masked.fits
S1                177.39822    22.39563  56983.177   F125W   inf     2.0645   0.1509     25.4432   0.0794     AB   26.2302  -0.0020 0.0119  refsdal_f125w_e04-e00_sub_masked.fits
S1                177.39822    22.39563  56982.116   F125W   inf     2.1275   0.1891     25.4105   0.0965     AB   26.2302  -0.0011 0.0132  refsdal_f125w_e05-e00_sub_masked.fits
S1                177.39822    22.39563  56990.896   F125W   inf     2.4972   0.2006     25.2366   0.0872     AB   26.2302   0.0009 0.0176  refsdal_f125w_e06-e00_sub_masked.fits
S1                177.39822    22.39563  56992.952   F125W   inf     2.3687   0.2797     25.2940   0.1282     AB   26.2302   0.0007 0.0192  refsdal_f125w_e07-e00_sub_masked.fits
S1                177.39822    22.39563  56994.013   F125W   inf     2.4758   0.2543     25.2459   0.1115     AB   26.2302   0.0012 0.0194  refsdal_f125w_e08-e00_sub_masked.fits
S1                177.39822    22.39563  56996.732   F125W   inf     3.0454   0.2596     25.0211   0.0926     AB   26.2302  -0.0004 0.0182  refsdal_f125w_e09-e00_sub_masked.fits
S1                177.39822    22.39563  56999.816   F125W   inf     2.8022   0.2176     25.1115   0.0843     AB   26.2302   0.0004 0.0167  refsdal_f125w_e10-e00_sub_masked.fits
S1                177.39822    22.39563  56994.013   F125W   inf     2.5659   0.3129     25.2071   0.1324     AB   26.2302   0.0011 0.0205  refsdal_f125w_e11-e00_sub_masked.fits
S1                177.39822    22.39563  57005.862   F125W   inf     2.6735   0.1747     25.1625   0.0710     AB   26.2302  -0.0019 0.0115  refsdal_f125w_e12-e00_sub_masked.fits
S1                177.39822    22.39563  56999.816   F125W   inf     2.8266   0.2229     25.1020   0.0856     AB   26.2302   0.0003 0.0179  refsdal_f125w_e13-e00_sub_masked.fits
S1                177.39822    22.39563  57005.862   F125W   inf     2.6579   0.1556     25.1689   0.0636     AB   26.2302  -0.0019 0.0123  refsdal_f125w_e15-e00_sub_masked.fits
S1                177.39822    22.39563  57019.942   F125W   inf     2.8042   0.2765     25.1107   0.1071     AB   26.2302  -0.0029 0.0253  refsdal_f125w_e18-e00_sub_masked.fits
S1                177.39822    22.39563  57021.301   F125W   inf     3.2623   0.2650     24.9464   0.0882     AB   26.2302  -0.0007 0.0196  refsdal_f125w_e19-e00_sub_masked.fits
S1                177.39822    22.39563  57025.811   F125W   inf     3.6285   0.3357     24.8309   0.1004     AB   26.2302  -0.0002 0.0198  refsdal_f125w_e21-e00_sub_masked.fits
S1                177.39822    22.39563  57026.905   F125W   inf     3.7865   0.3533     24.7846   0.1013     AB   26.2302  -0.0020 0.0249  refsdal_f125w_e22-e00_sub_masked.fits
S1                177.39822    22.39563  57019.942   F125W   inf     2.7900   0.3324     25.1162   0.1293     AB   26.2302  -0.0037 0.0264  refsdal_f125w_e23-e00_sub_masked.fits
S1                177.39822    22.39563  57029.544   F125W   inf     3.1509   0.1504     24.9841   0.0518     AB   26.2302  -0.0020 0.0123  refsdal_f125w_e24-e00_sub_masked.fits
S1                177.39822    22.39563  57033.945   F125W   inf     3.3364   0.1992     24.9220   0.0648     AB   26.2302  -0.0017 0.0160  refsdal_f125w_e25-e00_sub_masked.fits
S1                177.39822    22.39563  57036.599   F125W   inf     3.6740   0.2748     24.8174   0.0812     AB   26.2302  -0.0039 0.0143  refsdal_f125w_e26-e00_sub_masked.fits
S1                177.39822    22.39563  57044.689   F125W   inf     3.3360   0.1744     24.9222   0.0568     AB   26.2302  -0.0028 0.0143  refsdal_f125w_e27-e00_sub_masked.fits
S1                177.39822    22.39563  57049.198   F125W   inf     3.5898   0.2415     24.8425   0.0730     AB   26.2302  -0.0044 0.0143  refsdal_f125w_e28-e00_sub_masked.fits
S1                177.39822    22.39563  57062.359   F125W   inf     3.8492   0.1933     24.7668   0.0545     AB   26.2302  -0.0002 0.0139  refsdal_f125w_e29-e00_sub_masked.fits
S1                177.39822    22.39563  57076.391   F125W   inf     3.9224   0.1879     24.7463   0.0520     AB   26.2302  -0.0014 0.0129  refsdal_f125w_e30-e00_sub_masked.fits
S1                177.39822    22.39563  57090.387   F125W   inf     4.0818   0.1621     24.7031   0.0431     AB   26.2302  -0.0028 0.0135  refsdal_f125w_e31-e00_sub_masked.fits
S1                177.39822    22.39563  57104.270   F125W   inf     4.3196   0.1402     24.6416   0.0352     AB   26.2302  -0.0032 0.0132  refsdal_f125w_e32-e00_sub_masked.fits
S1                177.39822    22.39563  57118.141   F125W   inf     4.3442   0.1844     24.6355   0.0461     AB   26.2302  -0.0039 0.0135  refsdal_f125w_e33-e00_sub_masked.fits
S1                177.39822    22.39563  57132.086   F125W   inf     4.3719   0.2033     24.6285   0.0505     AB   26.2302  -0.0025 0.0183  refsdal_f125w_e34-e00_sub_masked.fits
S1                177.39822    22.39563  57076.391   F125W   inf     3.9346   0.1733     24.7430   0.0478     AB   26.2302  -0.0015 0.0142  refsdal_f125w_e35-e00_sub_masked.fits
S1                177.39822    22.39563  57090.387   F125W   inf     4.1270   0.1541     24.6911   0.0405     AB   26.2302  -0.0029 0.0152  refsdal_f125w_e36-e00_sub_masked.fits
S1                177.39822    22.39563  57104.270   F125W   inf     4.4272   0.1915     24.6149   0.0470     AB   26.2302  -0.0034 0.0143  refsdal_f125w_e37-e00_sub_masked.fits
S1                177.39822    22.39563  57149.055   F125W   inf     4.0333   0.2868     24.7161   0.0772     AB   26.2302  -0.0013 0.0185  refsdal_f125w_e38-e00_sub_masked.fits
S1                177.39822    22.39563  57132.086   F125W   inf     4.3587   0.2211     24.6318   0.0551     AB   26.2302  -0.0024 0.0190  refsdal_f125w_e39-e00_sub_masked.fits
S1                177.39822    22.39563  57188.170   F125W   inf     3.5554   0.2190     24.8530   0.0669     AB   26.2302   0.0014 0.0193  refsdal_f125w_e40-e00_sub_masked.fits
S1                177.39822    22.39563  57216.204   F125W   inf     3.5651   0.1593     24.8500   0.0485     AB   26.2302  -0.0029 0.0171  refsdal_f125w_e42-e00_sub_masked.fits
S1                177.39822    22.39563  57223.959   F125W   inf     3.0810   0.2569     25.0085   0.0905     AB   26.2302  -0.0041 0.0166  refsdal_f125w_e43-e00_sub_masked.fits
S1                177.39822    22.39563  57325.824   F125W   inf     0.8540   0.1731     26.4015   0.2201     AB   26.2302  -0.0039 0.0163  refsdal_f125w_e44-e00_sub_masked.fits
S1                177.39822    22.39563  57340.937   F125W   inf     0.8147   0.1780     26.4528   0.2372     AB   26.2302  -0.0045 0.0151  refsdal_f125w_e45-e00_sub_masked.fits
S1                177.39822    22.39563  57367.044   F125W   inf     0.6680   0.1296     26.6683   0.2107     AB   26.2302  -0.0033 0.0148  refsdal_f125w_e46-e00_sub_masked.fits
S1                177.39822    22.39563  57402.112   F125W   inf     0.6352   0.1655     26.7229   0.2828     AB   26.2302  -0.0008 0.0140  refsdal_f125w_e47-e00_sub_masked.fits
S1                177.39822    22.39563  57428.433   F125W   inf     0.5674   0.1410     26.8454   0.2698     AB   26.2302  -0.0034 0.0125  refsdal_f125w_e48-e00_sub_masked.fits
S1                177.39822    22.39563  57444.575   F125W   inf     0.4486   0.2138     27.1005   0.5173     AB   26.2302  -0.0013 0.0156  refsdal_f125w_e49-e00_sub_masked.fits
S1                177.39822    22.39563  57459.026   F125W   inf     0.7267   0.2216     26.5768   0.3311     AB   26.2302  -0.0020 0.0151  refsdal_f125w_e50-e00_sub_masked.fits
S1                177.39822    22.39563  57472.528   F125W   inf     0.7401   0.1836     26.5569   0.2694     AB   26.2302  -0.0036 0.0140  refsdal_f125w_e51-e00_sub_masked.fits
S1                177.39822    22.39563  57493.261   F125W   inf     0.5610   0.1748     26.8578   0.3382     AB   26.2302  -0.0058 0.0151  refsdal_f125w_e52-e00_sub_masked.fits
S1                177.39822    22.39563  57507.527   F125W   inf     0.5436   0.2081     26.8919   0.4156     AB   26.2302  -0.0050 0.0144  refsdal_f125w_e53-e00_sub_masked.fits
S1                177.39822    22.39563  57521.267   F125W   inf     0.2649   0.1759     27.6724   0.7211     AB   26.2302  -0.0052 0.0156  refsdal_f125w_e54-e00_sub_masked.fits
S1                177.39822    22.39563  57524.475   F125W   inf     0.6751   0.2214     26.6568   0.3560     AB   26.2302  -0.0034 0.0145  refsdal_f125w_e55-e00_sub_masked.fits
S1                177.39822    22.39563  57524.607   F125W   inf     0.5154   0.1613     26.9498   0.3397     AB   26.2302  -0.0031 0.0122  refsdal_f125w_e56-e00_sub_masked.fits
S1                177.39822    22.39563  57527.183   F125W   inf     0.5242   0.2460     26.9315   0.5094     AB   26.2302  -0.0040 0.0148  refsdal_f125w_e57-e00_sub_masked.fits
S1                177.39822    22.39563  57538.310   F125W   inf     0.1408   0.1791     28.3585   1.3810     AB   26.2302  -0.0048 0.0165  refsdal_f125w_e62-e00_sub_masked.fits
S1                177.39822    22.39563  57541.093   F125W   inf     0.3464   0.1847     27.3812   0.5789     AB   26.2302  -0.0039 0.0144  refsdal_f125w_e63-e00_sub_masked.fits
S1                177.39822    22.39563  57545.067   F125W   inf     0.6052   0.2160     26.7755   0.3874     AB   26.2302  -0.0036 0.0158  refsdal_f125w_e64-e00_sub_masked.fits
S1                177.39822    22.39563  57547.054   F125W   inf     0.2913   0.1489     27.5694   0.5548     AB   26.2302  -0.0023 0.0153  refsdal_f125w_e65-e00_sub_masked.fits
S1                177.39822    22.39563  57549.005   F125W   inf     0.5865   0.2184     26.8096   0.4043     AB   26.2302  -0.0024 0.0156  refsdal_f125w_e66-e00_sub_masked.fits
S1                177.39822    22.39563  57550.039   F125W   inf     0.3566   0.2156     27.3497   0.6564     AB   26.2302  -0.0015 0.0150  refsdal_f125w_e67-e00_sub_masked.fits
S1                177.39822    22.39563  57551.666   F125W   inf     0.5250   0.2773     26.9298   0.5735     AB   26.2302  -0.0032 0.0154  refsdal_f125w_e68-e00_sub_masked.fits
S1                177.39822    22.39563  57553.731   F125W   inf     0.6063   0.1520     26.7735   0.2722     AB   26.2302  -0.0025 0.0150  refsdal_f125w_e69-e00_sub_masked.fits
S1                177.39822    22.39563  57555.907   F125W   inf     0.5708   0.2114     26.8391   0.4021     AB   26.2302  -0.0037 0.0157  refsdal_f125w_e70-e00_sub_masked.fits
S1                177.39822    22.39563  57557.498   F125W   inf     0.5336   0.2164     26.9121   0.4404     AB   26.2302  -0.0026 0.0153  refsdal_f125w_e71-e00_sub_masked.fits
S1                177.39822    22.39563  57566.203   F125W   inf     0.4042   0.1992     27.2136   0.5351     AB   26.2302  -0.0044 0.0160  refsdal_f125w_e72-e00_sub_masked.fits
S1                177.39822    22.39563  57569.250   F125W   inf     0.4051   0.2372     27.2112   0.6356     AB   26.2302  -0.0055 0.0159  refsdal_f125w_e73-e00_sub_masked.fits
S1                177.39822    22.39563  56971.993   F140W   inf     2.5658   0.3469     25.4292   0.1468     AB   26.4523  -0.0018 0.0201  refsdal_f140w_e02-e00_sub_masked.fits
S1                177.39822    22.39563  56982.116   F140W   inf     2.6112   0.1767     25.4102   0.0735     AB   26.4523   0.0013 0.0122  refsdal_f140w_e03-e00_sub_masked.fits
S1                177.39822    22.39563  56983.177   F140W   inf     2.7152   0.1819     25.3678   0.0727     AB   26.4523   0.0016 0.0136  refsdal_f140w_e04-e00_sub_masked.fits
S1                177.39822    22.39563  56984.836   F140W   inf     2.8163   0.2537     25.3281   0.0978     AB   26.4523   0.0014 0.0137  refsdal_f140w_e05-e00_sub_masked.fits
S1                177.39822    22.39563  56983.177   F140W   inf     2.7295   0.2216     25.3621   0.0882     AB   26.4523   0.0019 0.0145  refsdal_f140w_e06-e00_sub_masked.fits
S1                177.39822    22.39563  56984.836   F140W   inf     2.8764   0.2219     25.3052   0.0838     AB   26.4523   0.0014 0.0145  refsdal_f140w_e07-e00_sub_masked.fits
S1                177.39822    22.39563  57002.885   F160W   inf     2.2002   0.0926     25.0901   0.0457     AB   25.9462  -0.0001 0.0082  refsdal_f160w_e11-e00_sub_masked.fits
S1                177.39822    22.39563  57006.999   F160W   inf     2.5420   0.1247     24.9333   0.0533     AB   25.9462   0.0007 0.0082  refsdal_f160w_e12-e00_sub_masked.fits
S1                177.39822    22.39563  57011.910   F160W   inf     2.4713   0.0881     24.9639   0.0387     AB   25.9462   0.0012 0.0082  refsdal_f160w_e13-e00_sub_masked.fits
S1                177.39822    22.39563  57014.896   F160W   inf     2.6384   0.0816     24.8929   0.0336     AB   25.9462   0.0007 0.0086  refsdal_f160w_e14-e00_sub_masked.fits
S1                177.39822    22.39563  57015.825   F160W   inf     2.4964   0.1213     24.9529   0.0528     AB   25.9462   0.0007 0.0082  refsdal_f160w_e15-e00_sub_masked.fits
S1                177.39822    22.39563  57016.791   F160W   inf     2.3932   0.2066     24.9988   0.0937     AB   25.9462   0.0015 0.0178  refsdal_f160w_e16-e00_sub_masked.fits
S1                177.39822    22.39563  57017.815   F160W   inf     2.7430   0.0998     24.8507   0.0395     AB   25.9462   0.0010 0.0081  refsdal_f160w_e17-e00_sub_masked.fits
S1                177.39822    22.39563  57019.179   F160W   inf     2.6198   0.2319     24.9006   0.0961     AB   25.9462   0.0024 0.0146  refsdal_f160w_e18-e00_sub_masked.fits
S1                177.39822    22.39563  57021.196   F160W   inf     2.6811   0.1028     24.8754   0.0416     AB   25.9462   0.0010 0.0082  refsdal_f160w_e19-e00_sub_masked.fits
S1                177.39822    22.39563  57023.783   F160W   inf     2.6169   0.1160     24.9018   0.0481     AB   25.9462   0.0010 0.0081  refsdal_f160w_e20-e00_sub_masked.fits
S1                177.39822    22.39563  57026.038   F160W   inf     2.8933   0.1187     24.7928   0.0446     AB   25.9462   0.0008 0.0077  refsdal_f160w_e21-e00_sub_masked.fits
S1                177.39822    22.39563  57026.502   F160W   inf     2.9141   0.1034     24.7850   0.0385     AB   25.9462   0.0011 0.0081  refsdal_f160w_e22-e00_sub_masked.fits
S1                177.39822    22.39563  57027.829   F160W   inf     2.6071   0.1244     24.9058   0.0518     AB   25.9462   0.0005 0.0078  refsdal_f160w_e23-e00_sub_masked.fits
S1                177.39822    22.39563  57021.196   F160W   inf     2.6003   0.1323     24.9086   0.0552     AB   25.9462   0.0009 0.0084  refsdal_f160w_e24-e00_sub_masked.fits
S1                177.39822    22.39563  57033.961   F160W   inf     3.1811   0.1443     24.6898   0.0492     AB   25.9462   0.0004 0.0118  refsdal_f160w_e25-e00_sub_masked.fits
S1                177.39822    22.39563  57036.615   F160W   inf     3.1175   0.1582     24.7117   0.0551     AB   25.9462   0.0001 0.0120  refsdal_f160w_e26-e00_sub_masked.fits
S1                177.39822    22.39563  57044.705   F160W   inf     2.9805   0.1607     24.7605   0.0586     AB   25.9462  -0.0001 0.0124  refsdal_f160w_e27-e00_sub_masked.fits
S1                177.39822    22.39563  57049.213   F160W   inf     3.4146   0.1492     24.6129   0.0475     AB   25.9462  -0.0009 0.0107  refsdal_f160w_e28-e00_sub_masked.fits
S1                177.39822    22.39563  57062.398   F160W   inf     3.6602   0.1277     24.5375   0.0379     AB   25.9462   0.0009 0.0112  refsdal_f160w_e29-e00_sub_masked.fits
S1                177.39822    22.39563  57076.407   F160W   inf     3.6291   0.1806     24.5467   0.0540     AB   25.9462  -0.0001 0.0114  refsdal_f160w_e30-e00_sub_masked.fits
S1                177.39822    22.39563  57090.419   F160W   inf     3.8887   0.1434     24.4717   0.0400     AB   25.9462  -0.0013 0.0116  refsdal_f160w_e31-e00_sub_masked.fits
S1                177.39822    22.39563  57104.308   F160W   inf     4.1854   0.1582     24.3919   0.0410     AB   25.9462  -0.0014 0.0126  refsdal_f160w_e32-e00_sub_masked.fits
S1                177.39822    22.39563  57118.228   F160W   inf     4.1088   0.1761     24.4119   0.0465     AB   25.9462  -0.0013 0.0114  refsdal_f160w_e33-e00_sub_masked.fits
S1                177.39822    22.39563  57132.107   F160W   inf     4.0409   0.1934     24.4300   0.0520     AB   25.9462  -0.0008 0.0155  refsdal_f160w_e34-e00_sub_masked.fits
S1                177.39822    22.39563  57076.407   F160W   inf     3.6285   0.1555     24.5469   0.0465     AB   25.9462  -0.0001 0.0115  refsdal_f160w_e35-e00_sub_masked.fits
S1                177.39822    22.39563  57090.419   F160W   inf     3.8615   0.1800     24.4793   0.0506     AB   25.9462  -0.0014 0.0115  refsdal_f160w_e36-e00_sub_masked.fits
S1                177.39822    22.39563  57104.308   F160W   inf     4.2076   0.1895     24.3861   0.0489     AB   25.9462  -0.0016 0.0125  refsdal_f160w_e37-e00_sub_masked.fits
S1                177.39822    22.39563  57149.076   F160W   inf     4.1308   0.2174     24.4061   0.0571     AB   25.9462   0.0003 0.0161  refsdal_f160w_e38-e00_sub_masked.fits
S1                177.39822    22.39563  57168.295   F160W   inf     3.7920   0.1604     24.4991   0.0459     AB   25.9462   0.0016 0.0117  refsdal_f160w_e39-e00_sub_masked.fits
S1                177.39822    22.39563  57216.220   F160W   inf     3.5162   0.1717     24.5811   0.0530     AB   25.9462  -0.0012 0.0137  refsdal_f160w_e42-e00_sub_masked.fits
S1                177.39822    22.39563  57223.996   F160W   inf     3.4251   0.2275     24.6095   0.0721     AB   25.9462   0.0001 0.0134  refsdal_f160w_e43-e00_sub_masked.fits
S1                177.39822    22.39563  57325.840   F160W   inf     0.7706   0.1716     26.2291   0.2417     AB   25.9462  -0.0013 0.0139  refsdal_f160w_e44-e00_sub_masked.fits
S1                177.39822    22.39563  57340.953   F160W   inf     1.0313   0.1266     25.9128   0.1333     AB   25.9462   0.0002 0.0120  refsdal_f160w_e45-e00_sub_masked.fits
S1                177.39822    22.39563  57367.060   F160W   inf     1.1038   0.1013     25.8390   0.0996     AB   25.9462  -0.0009 0.0118  refsdal_f160w_e46-e00_sub_masked.fits
S1                177.39822    22.39563  57402.151   F160W   inf     0.9560   0.1645     25.9951   0.1869     AB   25.9462   0.0004 0.0114  refsdal_f160w_e47-e00_sub_masked.fits
S1                177.39822    22.39563  57429.508   F160W   inf     0.8580   0.1088     26.1126   0.1377     AB   25.9462  -0.0000 0.0090  refsdal_f160w_e48-e00_sub_masked.fits
S1                177.39822    22.39563  57444.606   F160W   inf     0.7840   0.1461     26.2104   0.2024     AB   25.9462  -0.0015 0.0127  refsdal_f160w_e49-e00_sub_masked.fits
S1                177.39822    22.39563  57459.094   F160W   inf     0.5650   0.1337     26.5661   0.2570     AB   25.9462  -0.0009 0.0109  refsdal_f160w_e50-e00_sub_masked.fits
S1                177.39822    22.39563  57472.543   F160W   inf     1.1339   0.1785     25.8098   0.1709     AB   25.9462  -0.0015 0.0116  refsdal_f160w_e51-e00_sub_masked.fits
S1                177.39822    22.39563  57493.299   F160W   inf     0.6743   0.1428     26.3741   0.2299     AB   25.9462  -0.0000 0.0110  refsdal_f160w_e52-e00_sub_masked.fits
S1                177.39822    22.39563  57507.575   F160W   inf     0.7075   0.1231     26.3219   0.1888     AB   25.9462  -0.0007 0.0122  refsdal_f160w_e53-e00_sub_masked.fits
S1                177.39822    22.39563  57521.297   F160W   inf     0.5079   0.1574     26.6817   0.3365     AB   25.9462  -0.0023 0.0124  refsdal_f160w_e54-e00_sub_masked.fits
S1                177.39822    22.39563  57524.545   F160W   inf     0.7799   0.1142     26.2161   0.1589     AB   25.9462  -0.0003 0.0094  refsdal_f160w_e56-e00_sub_masked.fits
S1                177.39822    22.39563  57527.198   F160W   inf     0.7450   0.1566     26.2658   0.2282     AB   25.9462  -0.0015 0.0119  refsdal_f160w_e57-e00_sub_masked.fits
S1                177.39822    22.39563  57541.130   F160W   inf     0.6472   0.1563     26.4186   0.2622     AB   25.9462   0.0000 0.0123  refsdal_f160w_e63-e00_sub_masked.fits
S1                177.39822    22.39563  57545.104   F160W   inf     0.8756   0.1634     26.0905   0.2026     AB   25.9462  -0.0024 0.0123  refsdal_f160w_e64-e00_sub_masked.fits
S1                177.39822    22.39563  57547.091   F160W   inf     0.5875   0.1830     26.5238   0.3383     AB   25.9462   0.0007 0.0116  refsdal_f160w_e65-e00_sub_masked.fits
S1                177.39822    22.39563  57549.045   F160W   inf     0.7749   0.2290     26.2232   0.3208     AB   25.9462   0.0016 0.0125  refsdal_f160w_e66-e00_sub_masked.fits
S1                177.39822    22.39563  57550.102   F160W   inf     0.6934   0.1768     26.3437   0.2768     AB   25.9462  -0.0001 0.0140  refsdal_f160w_e67-e00_sub_masked.fits
S1                177.39822    22.39563  57551.707   F160W   inf     0.9153   0.1594     26.0423   0.1890     AB   25.9462  -0.0006 0.0126  refsdal_f160w_e68-e00_sub_masked.fits
S1                177.39822    22.39563  57553.785   F160W   inf     0.8083   0.1572     26.1773   0.2112     AB   25.9462   0.0002 0.0128  refsdal_f160w_e69-e00_sub_masked.fits
S1                177.39822    22.39563  57555.946   F160W   inf     0.7478   0.1870     26.2617   0.2714     AB   25.9462  -0.0006 0.0127  refsdal_f160w_e70-e00_sub_masked.fits
S1                177.39822    22.39563  57557.527   F160W   inf     0.5872   0.1889     26.5243   0.3493     AB   25.9462   0.0009 0.0137  refsdal_f160w_e71-e00_sub_masked.fits
S1                177.39822    22.39563  57566.219   F160W   inf     0.5893   0.1602     26.5204   0.2952     AB   25.9462  -0.0015 0.0126  refsdal_f160w_e72-e00_sub_masked.fits
S1                177.39822    22.39563  57569.265   F160W   inf     0.3622   0.1991     27.0487   0.5966     AB   25.9462  -0.0015 0.0132  refsdal_f160w_e73-e00_sub_masked.fits
S1                177.39822    22.39563  56985.497   F814W   inf     0.0540   0.0230     28.2762   0.4625     AB   25.1072   0.0000 0.0025  refsdal_f814w_e05-e00_sub_masked.fits
S1                177.39822    22.39563  57014.281   F814W   inf     0.0923   0.0169     27.6947   0.1988     AB   25.1072  -0.0000 0.0019  refsdal_f814w_e14-e00_sub_masked.fits
S1                177.39822    22.39563  57132.030   F814W   inf     0.3175   0.0295     27.1926   0.1008     AB   25.9470  -0.0002 0.0029  refsdal_f814w_e34-e00_sub_masked.fits
S1                177.39822    22.39563  57134.656   F814W   inf     0.2877   0.0234     27.2997   0.0882     AB   25.9470   0.0002 0.0026  refsdal_f814w_e35-e00_sub_masked.fits
S1                177.39822    22.39563  57137.591   F814W   inf     0.2777   0.0224     27.3379   0.0878     AB   25.9470   0.0000 0.0025  refsdal_f814w_e36-e00_sub_masked.fits
S1                177.39822    22.39563  57142.000   F814W   inf     0.2759   0.0225     27.3453   0.0887     AB   25.9470   0.0001 0.0024  refsdal_f814w_e37-e00_sub_masked.fits
S1                177.39822    22.39563  57150.483   F814W   inf     0.2197   0.0218     27.5926   0.1078     AB   25.9470   0.0001 0.0026  refsdal_f814w_e38-e00_sub_masked.fits
S1                177.39822    22.39563  57158.611   F814W   inf     0.2056   0.0321     27.6643   0.1693     AB   25.9470   0.0001 0.0029  refsdal_f814w_e39-e00_sub_masked.fits
S1                177.39822    22.39563  57137.591   F814W   inf     0.2766   0.0256     27.3426   0.1003     AB   25.9470   0.0000 0.0025  refsdal_f814w_e40-e00_sub_masked.fits
S1                177.39822    22.39563  57142.000   F814W   inf     0.2719   0.0173     27.3611   0.0691     AB   25.9470   0.0001 0.0023  refsdal_f814w_e41-e00_sub_masked.fits
S1                177.39822    22.39563  57150.483   F814W   inf     0.2192   0.0279     27.5947   0.1382     AB   25.9470   0.0001 0.0026  refsdal_f814w_e42-e00_sub_masked.fits
S1                177.39822    22.39563  57158.611   F814W   inf     0.1938   0.0313     27.7289   0.1753     AB   25.9470   0.0001 0.0029  refsdal_f814w_e43-e00_sub_masked.fits
S1                177.39822    22.39563  57524.375   F814W   inf     0.0222   0.0477     30.0819   2.3328     AB   25.9470   0.0003 0.0039  refsdal_f814w_e55-e00_sub_masked.fits
S1                177.39822    22.39563  57531.494   F814W   inf    -0.0934   0.1466     26.8388  -9.0000     AB   25.9470  -0.0003 0.0066  refsdal_f814w_e58-e00_sub_masked.fits
S1                177.39822    22.39563  56985.434   F606W   inf     0.0108   0.0849     30.9807   8.5460     AB   26.0626   0.0013 0.0045  refsdal_f606w_e05-e00_sub_masked.fits
S1                177.39822    22.39563  56985.434   F606W   inf     0.0341   0.0675     29.7308   2.1478     AB   26.0626  -0.0003 0.0056  refsdal_f606w_e08-e00_sub_masked.fits
S1                177.39822    22.39563  57150.500   F606W   inf     0.0874   0.0641     29.1393   0.7966     AB   26.4930   0.0006 0.0048  refsdal_f606w_e38-e00_sub_masked.fits
S1                177.39822    22.39563  57158.479   F606W   inf     0.0785   0.0768     29.2553   1.0614     AB   26.4930   0.0007 0.0050  refsdal_f606w_e39-e00_sub_masked.fits
S1                177.39822    22.39563  57150.500   F606W   inf     0.0893   0.0689     29.1158   0.8372     AB   26.4930   0.0006 0.0047  refsdal_f606w_e42-e00_sub_masked.fits
S1                177.39822    22.39563  57158.479   F606W   inf     0.0812   0.0583     29.2197   0.7801     AB   26.4930   0.0007 0.0049  refsdal_f606w_e43-e00_sub_masked.fits
S1                177.39822    22.39563  57524.276   F606W   inf     0.0655   0.0875     29.4519   1.4502     AB   26.4930   0.0013 0.0069  refsdal_f606w_e55-e00_sub_masked.fits
S1                177.39822    22.39563  57531.709   F606W   inf     0.0034   0.1008     32.1522  31.7546     AB   25.9959   0.0015 0.0054  refsdal_f606w_e58-e00_sub_masked.fits
S1                177.39822    22.39563  57534.286   F606W   inf     0.0072   0.0936     31.3542  14.0312     AB   26.0044   0.0002 0.0062  refsdal_f606w_e59-e00_sub_masked.fits
S1                177.39822    22.39563  57536.096   F606W   inf    -0.0035   0.0664     27.7566  -9.0000     AB   26.0044   0.0000 0.0068  refsdal_f606w_e60-e00_sub_masked.fits
S1                177.39822    22.39563  57537.090   F606W   inf     0.0332   0.0774     29.7003   2.5268     AB   26.0044   0.0003 0.0067  refsdal_f606w_e61-e00_sub_masked.fits
