   75       75.99806      543.67627     422     0.10650   76  544
   76       76.99803      543.66908     384     0.10652   77  544
   77       77.99801      543.66188     394     0.10660   78  544
   78       78.99798      543.65469     413     0.10651   79  544
   79       79.99796      543.64750     351     0.10649   80  544
   80       80.99793      543.64030     413     0.10652   81  544
   81       81.99790      543.63311     394     0.10649   82  544
   82       82.99788      543.62591     394     0.10668   83  544
   83       83.99785      543.61872     404     0.10666   84  544
   84       84.99783      543.61153     373     0.10666   85  544
   85       85.99780      543.60433     422     0.10650   86  544
   86       86.99777      543.59714     394     0.10657   87  544
   87       87.99775      543.58994     413     0.10658   88  544
   88       88.99772      543.58275     404     0.10655   89  544
   89       89.99770      543.57556     404     0.10670   90  544
   90       90.99767      543.56836     373     0.10658   91  544
   91       91.99765      543.56117     394     0.10666   92  544
   92       92.99762      543.55397     373     0.10655   93  544
   93       93.99759      543.54678     413     0.10651   94  544
   94       94.99757      543.53959     394     0.10657   95  544
   95       95.99754      543.53239     394     0.10658   96  544
   96       96.99752      543.52520     413     0.10658   97  544
   97       97.99749      543.51800     394     0.10668   98  544
   98       98.99746      543.51081     394     0.10659   99  544
   99       99.99744      543.50362     422     0.10651  100  544
  100      100.99741      543.49642     384     0.10656  101  543
  101      101.99739      543.48923     413     0.10650  102  543
  102      102.99736      543.48203     373     0.10644  103  543
  103      103.99733      543.47484     373     0.10648  104  543
  104      104.99731      543.46765     431     0.10659  105  543
  105      105.99728      543.46045     373     0.10641  106  543
  106      106.99726      543.45326     384     0.10644  107  543
  107      107.99723      543.44606     404     0.10643  108  543
  108      108.99721      543.43887     404     0.10663  109  543
  109      109.99718      543.43167     373     0.10654  110  543
  110      110.99715      543.42448     394     0.10659  111  543
  111      111.99713      543.41729     422     0.10652  112  543
  112      112.99710      543.41009     394     0.10658  113  543
  113      113.99708      543.40290     362     0.10663  114  543
  114      114.99705      543.39570     422     0.10653  115  543
  115      115.99702      543.38851     404     0.10638  116  543
  116      116.99700      543.38132     394     0.10644  117  543
  117      117.99697      543.37412     362     0.10651  118  543
  118      118.99695      543.36693     404     0.10649  119  543
  119      119.99692      543.35973     394     0.10645  120  543
  120      120.99689      543.35254     404     0.10643  121  543
  121      121.99687      543.34535     373     0.10643  122  543
  122      122.99684      543.33815     394     0.10648  123  543
  123      123.99682      543.33096     384     0.10635  124  543
  124      124.99679      543.32376     404     0.10652  125  543
  125      125.99677      543.31657     439     0.10641  126  543
  126      126.99674      543.30938     422     0.10643  127  543
  127      127.99671      543.30218     394     0.10655  128  543
  128      128.99669      543.29499     448     0.10653  129  543
  129      129.99666      543.28779     394     0.10646  130  543
  130      130.99664      543.28060     422     0.10635  131  543
  131      131.99661      543.27341     413     0.10656  132  543
  132      132.99658      543.26621     373     0.10676  133  543
  133      133.99656      543.25902     384     0.10656  134  543
  134      134.99653      543.25182     373     0.10636  135  543
  135      135.99651      543.24463     413     0.10641  136  543
  136      136.99648      543.23744     404     0.10647  137  543
  137      137.99645      543.23024     404     0.10660  138  543
  138      138.99643      543.22305     394     0.10665  139  543
  139      139.99640      543.21585     413     0.10676  140  543
  140      140.99638      543.20866     373     0.10659  141  543
  141      141.99635      543.20147     394     0.10651  142  543
  142      142.99633      543.19427     394     0.10654  143  543
  143      143.99630      543.18708     373     0.10665  144  543
  144      144.99627      543.17988     404     0.10647  145  543
  145      145.99625      543.17269     431     0.10657  146  543
  146      146.99622      543.16549     448     0.10653  147  543
  147      147.99620      543.15830     413     0.10665  148  543
  148      148.99617      543.15111     413     0.10657  149  543
  149      149.99614      543.14391     404     0.10665  150  543
  150      150.99612      543.13672     394     0.10664  151  543
  151      151.99609      543.12952     404     0.10647  152  543
  152      152.99607      543.12233     413     0.10655  153  543
  153      153.99604      543.11514     394     0.10659  154  543
  154      154.99601      543.10794     384     0.10651  155  543
  155      155.99599      543.10075     362     0.10647  156  543
  156      156.99596      543.09355     394     0.10657  157  543
  157      157.99594      543.08636     384     0.10657  158  543
  158      158.99591      543.07917     373     0.10661  159  543
  159      159.99589      543.07197     362     0.10639  160  543
  160      160.99586      543.06478     394     0.10645  161  543
  161      161.99583      543.05758     404     0.10637  162  543
  162      162.99581      543.05039     413     0.10671  163  543
  163      163.99578      543.04320     373     0.10667  164  543
  164      164.99576      543.03600     351     0.10680  165  543
  165      165.99573      543.02881     384     0.10688  166  543
  166      166.99570      543.02161     384     0.10674  167  543
  167      167.99568      543.01442     362     0.10654  168  543
  168      168.99565      543.00723     373     0.10649  169  543
  169      169.99563      543.00003     384     0.10667  170  543
  170      170.99560      542.99284     384     0.10657  171  543
  171      171.99557      542.98564     404     0.10672  172  543
  172      172.99555      542.97845     373     0.10659  173  543
  173      173.99552      542.97126     422     0.10654  174  543
  174      174.99550      542.96406     422     0.10654  175  543
  175      175.99547      542.95687     448     0.10665  176  543
  176      176.99545      542.94967     422     0.10664  177  543
  177      177.99542      542.94248     439     0.10669  178  543
  178      178.99539      542.93528     404     0.10673  179  543
  179      179.99537      542.92809     404     0.10671  180  543
  180      180.99534      542.92090     404     0.10670  181  543
  181      181.99532      542.91370     384     0.10667  182  543
  182      182.99529      542.90651     384     0.10650  183  543
  183      183.99526      542.89931     394     0.10651  184  543
  184      184.99524      542.89212     373     0.10670  185  543
  185      185.99521      542.88493     404     0.10680  186  543
  186      186.99519      542.87773     422     0.10672  187  543
  187      187.99516      542.87054     413     0.10674  188  543
  188      188.99514      542.86334     431     0.10686  189  543
  189      189.99511      542.85615     448     0.10696  190  543
  190      190.99508      542.84896     373     0.10693  191  543
  191      191.99506      542.84176     404     0.10689  192  543
  192      192.99503      542.83457     384     0.10694  193  543
  193      193.99501      542.82737     384     0.10682  194  543
  194      194.99498      542.82018     422     0.10676  195  543
  195      195.99495      542.81299     422     0.10677  196  543
  196      196.99493      542.80579     384     0.10681  197  543
  197      197.99490      542.79860     413     0.10689  198  543
  198      198.99488      542.79140     384     0.10698  199  543
  199      199.99485      542.78421     394     0.10695  200  543
  200      200.99482      542.77702     394     0.10688  201  543
  201      201.99480      542.76982     413     0.10703  202  543
  202      202.99477      542.76263     431     0.10703  203  543
  203      203.99475      542.75543     394     0.10704  204  543
  204      204.99472      542.74824     394     0.10700  205  543
  205      205.99470      542.74105     394     0.10722  206  543
  206      206.99467      542.73385     394     0.10699  207  543
  207      207.99464      542.72666     394     0.10682  208  543
  208      208.99462      542.71946     394     0.10695  209  543
  209      209.99459      542.71227     373     0.10703  210  543
  210      210.99457      542.70508     404     0.10709  211  543
  211      211.99454      542.69788     413     0.10708  212  543
  212      212.99451      542.69069     384     0.10706  213  543
  213      213.99449      542.68349     384     0.10714  214  543
  214      214.99446      542.67630     394     0.10706  215  543
  215      215.99444      542.66910     413     0.10705  216  543
  216      216.99441      542.66191     439     0.10714  217  543
  217      217.99438      542.65472     384     0.10707  218  543
  218      218.99436      542.64752     404     0.10691  219  543
  219      219.99433      542.64033     394     0.10709  220  543
  220      220.99431      542.63313     404     0.10722  221  543
  221      221.99428      542.62594     373     0.10721  222  543
  222      222.99426      542.61875     384     0.10741  223  543
  223      223.99423      542.61155     404     0.10735  224  543
  224      224.99420      542.60436     404     0.10726  225  543
  225      225.99418      542.59716     394     0.10721  226  543
  226      226.99415      542.58997     384     0.10724  227  543
  227      227.99413      542.58278     413     0.10734  228  543
  228      228.99410      542.57558     404     0.10723  229  543
  229      229.99407      542.56839     413     0.10712  230  543
  230      230.99405      542.56119     439     0.10714  231  543
  231      231.99402      542.55400     422     0.10725  232  543
  232      232.99400      542.54681     413     0.10738  233  543
  233      233.99397      542.53961     362     0.10741  234  543
  234      234.99394      542.53242     431     0.10747  235  543
  235      235.99392      542.52522     394     0.10739  236  543
  236      236.99389      542.51803     384     0.10769  237  543
  237      237.99387      542.51084     422     0.10766  238  543
  238      238.99384      542.50364     394     0.10757  239  543
  239      239.99382      542.49645     384     0.10752  240  542
  240      240.99379      542.48925     439     0.10750  241  542
  241      241.99376      542.48206     373     0.10770  242  542
  242      242.99374      542.47487     413     0.10737  243  542
  243      243.99371      542.46767     394     0.10747  244  542
  244      244.99369      542.46048     373     0.10753  245  542
  245      245.99366      542.45328     404     0.10752  246  542
  246      246.99363      542.44609     373     0.10750  247  542
  247      247.99361      542.43889     404     0.10756  248  542
  248      248.99358      542.43170     422     0.10758  249  542
  249      249.99356      542.42451     431     0.10764  250  542
  250      250.99353      542.41731     413     0.10768  251  542
  251      251.99350      542.41012     404     0.10758  252  542
  252      252.99348      542.40292     404     0.10792  253  542
  253      253.99345      542.39573     362     0.10778  254  542
  254      254.99343      542.38854     404     0.10789  255  542
  255      255.99340      542.38134     373     0.10790  256  542
  256      256.99338      542.37415     413     0.10785  257  542
  257      257.99335      542.36695     394     0.10784  258  542
  258      258.99332      542.35976     373     0.10791  259  542
  259      259.99330      542.35257     413     0.10790  260  542
  260      260.99327      542.34537     404     0.10791  261  542
  261      261.99325      542.33818     422     0.10775  262  542
  262      262.99322      542.33098     404     0.10779  263  542
  263      263.99319      542.32379     373     0.10791  264  542
  264      264.99317      542.31660     413     0.10797  265  542
  265      265.99314      542.30940     404     0.10814  266  542
  266      266.99312      542.30221     422     0.10799  267  542
  267      267.99309      542.29501     373     0.10806  268  542
  268      268.99306      542.28782     404     0.10816  269  542
  269      269.99304      542.28063     439     0.10808  270  542
  270      270.99301      542.27343     422     0.10798  271  542
  271      271.99299      542.26624     448     0.10795  272  542
  272      272.99296      542.25904     422     0.10797  273  542
  273      273.99294      542.25185     404     0.10807  274  542
  274      274.99291      542.24466     394     0.10793  275  542
  275      275.99288      542.23746     394     0.10805  276  542
  276      276.99286      542.23027     394     0.10791  277  542
  277      277.99283      542.22307     362     0.10801  278  542
  278      278.99281      542.21588     422     0.10804  279  542
  279      279.99278      542.20869     384     0.10813  280  542
  280      280.99275      542.20149     394     0.10831  281  542
  281      281.99273      542.19430     394     0.10828  282  542
  282      282.99270      542.18710     404     0.10846  283  542
  283      283.99268      542.17991     431     0.10846  284  542
  284      284.99265      542.17271     362     0.10838  285  542
  285      285.99262      542.16552     431     0.10851  286  542
  286      286.99260      542.15833     404     0.10850  287  542
  287      287.99257      542.15113     394     0.10855  288  542
  288      288.99255      542.14394     422     0.10849  289  542
  289      289.99252      542.13674     413     0.10859  290  542
  290      290.99250      542.12955     394     0.10863  291  542
  291      291.99247      542.12236     404     0.10872  292  542
  292      292.99244      542.11516     413     0.10872  293  542
  293      293.99242      542.10797     404     0.10858  294  542
  294      294.99239      542.10077     404     0.10859  295  542
  295      295.99237      542.09358     422     0.10866  296  542
  296      296.99234      542.08639     384     0.10875  297  542
  297      297.99231      542.07919     384     0.10872  298  542
  298      298.99229      542.07200     413     0.10877  299  542
  299      299.99226      542.06480     384     0.10882  300  542
  300      300.99224      542.05761     413     0.10869  301  542
  301      301.99221      542.05042     404     0.10879  302  542
  302      302.99218      542.04322     394     0.10882  303  542
  303      303.99216      542.03603     404     0.10863  304  542
  304      304.99213      542.02883     394     0.10881  305  542
  305      305.99211      542.02164     413     0.10868  306  542
  306      306.99208      542.01445     384     0.10862  307  542
  307      307.99206      542.00725     404     0.10885  308  542
  308      308.99203      542.00006     422     0.10879  309  542
  309      309.99200      541.99286     384     0.10874  310  542
  310      310.99198      541.98567     404     0.10874  311  542
  311      311.99195      541.97848     373     0.10890  312  542
  312      312.99193      541.97128     404     0.10883  313  542
  313      313.99190      541.96409     394     0.10895  314  542
  314      314.99187      541.95689     404     0.10913  315  542
  315      315.99185      541.94970     394     0.10914  316  542
  316      316.99182      541.94250     422     0.10912  317  542
  317      317.99180      541.93531     384     0.10912  318  542
  318      318.99177      541.92812     404     0.10917  319  542
  319      319.99175      541.92092     404     0.10924  320  542
  320      320.99172      541.91373     422     0.10918  321  542
  321      321.99169      541.90653     394     0.10934  322  542
  322      322.99167      541.89934     413     0.10927  323  542
  323      323.99164      541.89215     394     0.10939  324  542
  324      324.99162      541.88495     373     0.10944  325  542
  325      325.99159      541.87776     413     0.10944  326  542
  326      326.99156      541.87056     394     0.10949  327  542
  327      327.99154      541.86337     439     0.10950  328  542
  328      328.99151      541.85618     422     0.10953  329  542
  329      329.99149      541.84898     422     0.10947  330  542
  330      330.99146      541.84179     413     0.10955  331  542
  331      331.99143      541.83459     404     0.10974  332  542
  332      332.99141      541.82740     404     0.10971  333  542
  333      333.99138      541.82021     422     0.10964  334  542
  334      334.99136      541.81301     404     0.10955  335  542
  335      335.99133      541.80582     413     0.10974  336  542
  336      336.99131      541.79862     404     0.10966  337  542
  337      337.99128      541.79143     404     0.10963  338  542
  338      338.99125      541.78424     422     0.10964  339  542
  339      339.99123      541.77704     404     0.10972  340  542
  340      340.99120      541.76985     394     0.10975  341  542
  341      341.99118      541.76265     394     0.10983  342  542
  342      342.99115      541.75546     404     0.10988  343  542
  343      343.99112      541.74827     394     0.10996  344  542
  344      344.99110      541.74107     394     0.11002  345  542
  345      345.99107      541.73388     448     0.11013  346  542
  346      346.99105      541.72668     404     0.11007  347  542
  347      347.99102      541.71949     404     0.11006  348  542
  348      348.99099      541.71230     404     0.11012  349  542
  349      349.99097      541.70510     413     0.11007  350  542
  350      350.99094      541.69791     404     0.11016  351  542
  351      351.99092      541.69071     384     0.11022  352  542
  352      352.99089      541.68352     373     0.11020  353  542
  353      353.99087      541.67632     439     0.11007  354  542
  354      354.99084      541.66913     404     0.11014  355  542
  355      355.99081      541.66194     394     0.11011  356  542
  356      356.99079      541.65474     394     0.11015  357  542
  357      357.99076      541.64755     439     0.11036  358  542
  358      358.99074      541.64035     394     0.11046  359  542
  359      359.99071      541.63316     422     0.11048  360  542
  360      360.99068      541.62597     384     0.11064  361  542
  361      361.99066      541.61877     431     0.11026  362  542
  362      362.99063      541.61158     422     0.11040  363  542
  363      363.99061      541.60438     404     0.11041  364  542
  364      364.99058      541.59719     394     0.11023  365  542
  365      365.99055      541.59000     413     0.11055  366  542
  366      366.99053      541.58280     431     0.11050  367  542
  367      367.99050      541.57561     413     0.11082  368  542
  368      368.99048      541.56841     413     0.11072  369  542
  369      369.99045      541.56122     394     0.11071  370  542
  370      370.99043      541.55403     422     0.11085  371  542
  371      371.99040      541.54683     384     0.11070  372  542
  372      372.99037      541.53964     404     0.11089  373  542
  373      373.99035      541.53244     413     0.11075  374  542
  374      374.99032      541.52525     404     0.11076  375  542
  375      375.99030      541.51806     439     0.11080  376  542
  376      376.99027      541.51086     404     0.11082  377  542
  377      377.99024      541.50367     404     0.11092  378  542
  378      378.99022      541.49647     404     0.11100  379  541
  379      379.99019      541.48928     404     0.11106  380  541
  380      380.99017      541.48209     431     0.11110  381  541
  381      381.99014      541.47489     431     0.11101  382  541
  382      382.99011      541.46770     394     0.11092  383  541
  383      383.99009      541.46050     394     0.11098  384  541
  384      384.99006      541.45331     431     0.11110  385  541
  385      385.99004      541.44611     413     0.11129  386  541
  386      386.99001      541.43892     439     0.11129  387  541
  387      387.98999      541.43173     404     0.11142  388  541
  388      388.98996      541.42453     413     0.11119  389  541
  389      389.98993      541.41734     431     0.11117  390  541
  390      390.98991      541.41014     394     0.11136  391  541
  391      391.98988      541.40295     422     0.11155  392  541
  392      392.98986      541.39576     431     0.11142  393  541
  393      393.98983      541.38856     422     0.11145  394  541
  394      394.98980      541.38137     404     0.11167  395  541
  395      395.98978      541.37417     394     0.11147  396  541
  396      396.98975      541.36698     431     0.11153  397  541
  397      397.98973      541.35979     439     0.11149  398  541
  398      398.98970      541.35259     413     0.11154  399  541
  399      399.98967      541.34540     422     0.11165  400  541
  400      400.98965      541.33820     394     0.11165  401  541
  401      401.98962      541.33101     413     0.11152  402  541
  402      402.98960      541.32382     422     0.11161  403  541
  403      403.98957      541.31662     413     0.11184  404  541
  404      404.98955      541.30943     422     0.11183  405  541
  405      405.98952      541.30223     394     0.11188  406  541
  406      406.98949      541.29504     404     0.11190  407  541
  407      407.98947      541.28785     422     0.11179  408  541
  408      408.98944      541.28065     439     0.11175  409  541
  409      409.98942      541.27346     404     0.11192  410  541
  410      410.98939      541.26626     413     0.11184  411  541
  411      411.98936      541.25907     431     0.11198  412  541
  412      412.98934      541.25188     413     0.11189  413  541
  413      413.98931      541.24468     413     0.11196  414  541
  414      414.98929      541.23749     413     0.11210  415  541
  415      415.98926      541.23029     422     0.11222  416  541
  416      416.98923      541.22310     413     0.11214  417  541
  417      417.98921      541.21590     394     0.11216  418  541
  418      418.98918      541.20871     422     0.11216  419  541
  419      419.98916      541.20152     413     0.11217  420  541
  420      420.98913      541.19432     413     0.11221  421  541
  421      421.98911      541.18713     431     0.11246  422  541
  422      422.98908      541.17993     413     0.11223  423  541
  423      423.98905      541.17274     413     0.11237  424  541
  424      424.98903      541.16555     422     0.11246  425  541
  425      425.98900      541.15835     422     0.11252  426  541
  426      426.98898      541.15116     404     0.11258  427  541
  427      427.98895      541.14396     413     0.11256  428  541
  428      428.98892      541.13677     439     0.11271  429  541
  429      429.98890      541.12958     373     0.11263  430  541
  430      430.98887      541.12238     422     0.11267  431  541
  431      431.98885      541.11519     413     0.11260  432  541
  432      432.98882      541.10799     404     0.11265  433  541
  433      433.98880      541.10080     394     0.11284  434  541
  434      434.98877      541.09361     413     0.11278  435  541
  435      435.98874      541.08641     413     0.11267  436  541
  436      436.98872      541.07922     394     0.11288  437  541
  437      437.98869      541.07202     439     0.11294  438  541
  438      438.98867      541.06483     394     0.11294  439  541
  439      439.98864      541.05764     422     0.11285  440  541
  440      440.98861      541.05044     413     0.11296  441  541
  441      441.98859      541.04325     431     0.11305  442  541
  442      442.98856      541.03605     422     0.11321  443  541
  443      443.98854      541.02886     394     0.11309  444  541
  444      444.98851      541.02167     456     0.11323  445  541
  445      445.98848      541.01447     394     0.11332  446  541
  446      446.98846      541.00728     394     0.11327  447  541
  447      447.98843      541.00008     413     0.11332  448  541
  448      448.98841      540.99289     439     0.11329  449  541
  449      449.98838      540.98570     384     0.11328  450  541
  450      450.98836      540.97850     422     0.11315  451  541
  451      451.98833      540.97131     404     0.11336  452  541
  452      452.98830      540.96411     413     0.11339  453  541
  453      453.98828      540.95692     431     0.11355  454  541
  454      454.98825      540.94972     362     0.11366  455  541
  455      455.98823      540.94253     448     0.11348  456  541
  456      456.98820      540.93534     413     0.11360  457  541
  457      457.98817      540.92814     422     0.11349  458  541
  458      458.98815      540.92095     373     0.11370  459  541
  459      459.98812      540.91375     456     0.11361  460  541
  460      460.98810      540.90656     384     0.11369  461  541
  461      461.98807      540.89937     422     0.11384  462  541
  462      462.98804      540.89217     431     0.11355  463  541
  463      463.98802      540.88498     422     0.11396  464  541
  464      464.98799      540.87778     431     0.11367  465  541
  465      465.98797      540.87059     431     0.11394  466  541
  466      466.98794      540.86340     431     0.11391  467  541
  467      467.98792      540.85620     404     0.11402  468  541
  468      468.98789      540.84901     431     0.11389  469  541
  469      469.98786      540.84181     404     0.11408  470  541
  470      470.98784      540.83462     404     0.11424  471  541
  471      471.98781      540.82743     431     0.11414  472  541
  472      472.98779      540.82023     394     0.11399  473  541
  473      473.98776      540.81304     439     0.11420  474  541
  474      474.98773      540.80584     404     0.11428  475  541
  475      475.98771      540.79865     431     0.11439  476  541
  476      476.98768      540.79146     422     0.11430  477  541
  477      477.98766      540.78426     413     0.11438  478  541
  478      478.98763      540.77707     439     0.11439  479  541
  479      479.98760      540.76987     431     0.11440  480  541
  480      480.98758      540.76268     384     0.11466  481  541
  481      481.98755      540.75549     439     0.11442  482  541
  482      482.98753      540.74829     394     0.11477  483  541
  483      483.98750      540.74110     413     0.11458  484  541
  484      484.98748      540.73390     404     0.11460  485  541
  485      485.98745      540.72671     413     0.11460  486  541
  486      486.98742      540.71951     422     0.11476  487  541
  487      487.98740      540.71232     413     0.11469  488  541
  488      488.98737      540.70513     413     0.11484  489  541
  489      489.98735      540.69793     448     0.11483  490  541
  490      490.98732      540.69074     404     0.11493  491  541
  491      491.98729      540.68354     422     0.11489  492  541
  492      492.98727      540.67635     422     0.11479  493  541
  493      493.98724      540.66916     394     0.11480  494  541
  494      494.98722      540.66196     413     0.11501  495  541
  495      495.98719      540.65477     404     0.11496  496  541
  496      496.98716      540.64757     431     0.11496  497  541
  497      497.98714      540.64038     422     0.11502  498  541
  498      498.98711      540.63319     413     0.11518  499  541
  499      499.98709      540.62599     456     0.11511  500  541
  500      500.98706      540.61880     404     0.11511  501  541
  501      501.98704      540.61160     384     0.11505  502  541
  502      502.98701      540.60441     413     0.11531  503  541
  503      503.98698      540.59722     422     0.11528  504  541
  504      504.98696      540.59002     456     0.11532  505  541
  505      505.98693      540.58283     404     0.11533  506  541
  506      506.98691      540.57563     431     0.11540  507  541
  507      507.98688      540.56844     431     0.11560  508  541
  508      508.98685      540.56125     394     0.11548  509  541
  509      509.98683      540.55405     422     0.11572  510  541
  510      510.98680      540.54686     404     0.11557  511  541
  511      511.98678      540.53966     471     0.11570  512  541
  512      512.98675      540.53247     394     0.11560  513  541
  513      513.98672      540.52528     448     0.11575  514  541
  514      514.98670      540.51808     439     0.11579  515  541
  515      515.98667      540.51089     413     0.11568  516  541
  516      516.98665      540.50369     404     0.11574  517  541
  517      517.98662      540.49650     404     0.11576  518  540
  518      518.98660      540.48931     456     0.11591  519  540
  519      519.98657      540.48211     404     0.11584  520  540
  520      520.98654      540.47492     431     0.11607  521  540
  521      521.98652      540.46772     413     0.11607  522  540
  522      522.98649      540.46053     422     0.11583  523  540
  523      523.98647      540.45333     413     0.11610  524  540
  524      524.98644      540.44614     431     0.11622  525  540
  525      525.98641      540.43895     413     0.11620  526  540
  526      526.98639      540.43175     422     0.11663  527  540
  527      527.98636      540.42456     422     0.11632  528  540
  528      528.98634      540.41736     448     0.11645  529  540
  529      529.98631      540.41017     439     0.11652  530  540
  530      530.98628      540.40298     422     0.11651  531  540
  531      531.98626      540.39578     404     0.11647  532  540
  532      532.98623      540.38859     422     0.11657  533  540
  533      533.98621      540.38139     413     0.11654  534  540
  534      534.98618      540.37420     439     0.11649  535  540
  535      535.98616      540.36701     431     0.11656  536  540
  536      536.98613      540.35981     448     0.11648  537  540
  537      537.98610      540.35262     404     0.11661  538  540
  538      538.98608      540.34542     448     0.11644  539  540
  539      539.98605      540.33823     404     0.11655  540  540
  540      540.98603      540.33104     448     0.11669  541  540
  541      541.98600      540.32384     404     0.11694  542  540
  542      542.98597      540.31665     439     0.11665  543  540
  543      543.98595      540.30945     404     0.11702  544  540
  544      544.98592      540.30226     448     0.11680  545  540
  545      545.98590      540.29507     439     0.11712  546  540
  546      546.98587      540.28787     413     0.11704  547  540
  547      547.98584      540.28068     439     0.11724  548  540
  548      548.98582      540.27348     448     0.11725  549  540
  549      549.98579      540.26629     384     0.11720  550  540
  550      550.98577      540.25910     448     0.11739  551  540
  551      551.98574      540.25190     413     0.11718  552  540
  552      552.98572      540.24471     413     0.11736  553  540
  553      553.98569      540.23751     422     0.11740  554  540
  554      554.98566      540.23032     422     0.11746  555  540
  555      555.98564      540.22312     404     0.11728  556  540
  556      556.98561      540.21593     439     0.11746  557  540
  557      557.98559      540.20874     404     0.11738  558  540
  558      558.98556      540.20154     431     0.11754  559  540
  559      559.98553      540.19435     394     0.11744  560  540
  560      560.98551      540.18715     448     0.11752  561  540
  561      561.98548      540.17996     422     0.11763  562  540
  562      562.98546      540.17277     422     0.11765  563  540
  563      563.98543      540.16557     422     0.11766  564  540
  564      564.98541      540.15838     448     0.11782  565  540
  565      565.98538      540.15118     422     0.11787  566  540
  566      566.98535      540.14399     439     0.11793  567  540
  567      567.98533      540.13680     422     0.11808  568  540
  568      568.98530      540.12960     439     0.11811  569  540
  569      569.98528      540.12241     413     0.11803  570  540
  570      570.98525      540.11521     448     0.11821  571  540
  571      571.98522      540.10802     413     0.11815  572  540
  572      572.98520      540.10083     431     0.11825  573  540
  573      573.98517      540.09363     431     0.11833  574  540
  574      574.98515      540.08644     439     0.11838  575  540
  575      575.98512      540.07924     422     0.11838  576  540
  576      576.98509      540.07205     431     0.11833  577  540
  577      577.98507      540.06486     431     0.11836  578  540
  578      578.98504      540.05766     404     0.11835  579  540
  579      579.98502      540.05047     431     0.11845  580  540
  580      580.98499      540.04327     439     0.11866  581  540
  581      581.98497      540.03608     448     0.11847  582  540
  582      582.98494      540.02889     384     0.11871  583  540
  583      583.98491      540.02169     456     0.11876  584  540
  584      584.98489      540.01450     413     0.11881  585  540
  585      585.98486      540.00730     448     0.11894  586  540
  586      586.98484      540.00011     413     0.11886  587  540
  587      587.98481      539.99292     448     0.11886  588  540
  588      588.98478      539.98572     404     0.11894  589  540
  589      589.98476      539.97853     456     0.11897  590  540
  590      590.98473      539.97133     413     0.11906  591  540
  591      591.98471      539.96414     448     0.11904  592  540
  592      592.98468      539.95694     404     0.11905  593  540
  593      593.98465      539.94975     439     0.11908  594  540
  594      594.98463      539.94256     422     0.11919  595  540
  595      595.98460      539.93536     448     0.11915  596  540
  596      596.98458      539.92817     413     0.11936  597  540
  597      597.98455      539.92097     439     0.11930  598  540
  598      598.98453      539.91378     422     0.11953  599  540
  599      599.98450      539.90659     422     0.11933  600  540
  600      600.98447      539.89939     431     0.11962  601  540
  601      601.98445      539.89220     464     0.11926  602  540
  602      602.98442      539.88500     373     0.11970  603  540
  603      603.98440      539.87781     456     0.11956  604  540
  604      604.98437      539.87062     431     0.11996  605  540
  605      605.98434      539.86342     413     0.11965  606  540
  606      606.98432      539.85623     431     0.11991  607  540
  607      607.98429      539.84903     448     0.11979  608  540
  608      608.98427      539.84184     422     0.11985  609  540
  609      609.98424      539.83465     439     0.11996  610  540
  610      610.98421      539.82745     422     0.12008  611  540
  611      611.98419      539.82026     448     0.12008  612  540
  612      612.98416      539.81306     413     0.12009  613  540
  613      613.98414      539.80587     448     0.12015  614  540
  614      614.98411      539.79868     404     0.12016  615  540
  615      615.98409      539.79148     422     0.12021  616  540
  616      616.98406      539.78429     448     0.12010  617  540
  617      617.98403      539.77709     422     0.12030  618  540
  618      618.98401      539.76990     439     0.12020  619  540
  619      619.98398      539.76271     448     0.12050  620  540
  620      620.98396      539.75551     448     0.12058  621  540
  621      621.98393      539.74832     404     0.12061  622  540
  622      622.98390      539.74112     448     0.12053  623  540
  623      623.98388      539.73393     413     0.12062  624  540
  624      624.98385      539.72673     413     0.12070  625  540
  625      625.98383      539.71954     464     0.12084  626  540
  626      626.98380      539.71235     413     0.12092  627  540
  627      627.98377      539.70515     439     0.12083  628  540
  628      628.98375      539.69796     456     0.12090  629  540
  629      629.98372      539.69076     422     0.12101  630  540
  630      630.98370      539.68357     431     0.12086  631  540
  631      631.98367      539.67638     431     0.12100  632  540
  632      632.98365      539.66918     448     0.12103  633  540
  633      633.98362      539.66199     431     0.12118  634  540
  634      634.98359      539.65479     431     0.12125  635  540
  635      635.98357      539.64760     448     0.12136  636  540
  636      636.98354      539.64041     456     0.12128  637  540
  637      637.98352      539.63321     422     0.12129  638  540
  638      638.98349      539.62602     448     0.12148  639  540
  639      639.98346      539.61882     431     0.12142  640  540
  640      640.98344      539.61163     439     0.12135  641  540
  641      641.98341      539.60444     431     0.12165  642  540
  642      642.98339      539.59724     448     0.12166  643  540
  643      643.98336      539.59005     422     0.12172  644  540
  644      644.98333      539.58285     464     0.12164  645  540
  645      645.98331      539.57566     431     0.12188  646  540
  646      646.98328      539.56847     422     0.12186  647  540
  647      647.98326      539.56127     448     0.12196  648  540
  648      648.98323      539.55408     431     0.12203  649  540
  649      649.98321      539.54688     404     0.12211  650  540
  650      650.98318      539.53969     464     0.12220  651  540
  651      651.98315      539.53250     448     0.12215  652  540
  652      652.98313      539.52530     394     0.12221  653  540
  653      653.98310      539.51811     464     0.12224  654  540
  654      654.98308      539.51091     456     0.12235  655  540
  655      655.98305      539.50372     413     0.12258  656  540
  656      656.98302      539.49653     456     0.12252  657  539
  657      657.98300      539.48933     404     0.12255  658  539
  658      658.98297      539.48214     464     0.12256  659  539
  659      659.98295      539.47494     404     0.12274  660  539
  660      660.98292      539.46775     448     0.12272  661  539
  661      661.98289      539.46055     439     0.12294  662  539
  662      662.98287      539.45336     448     0.12291  663  539
  663      663.98284      539.44617     422     0.12291  664  539
  664      664.98282      539.43897     448     0.12310  665  539
  665      665.98279      539.43178     448     0.12290  666  539
  666      666.98277      539.42458     439     0.12306  667  539
  667      667.98274      539.41739     448     0.12334  668  539
  668      668.98271      539.41020     404     0.12324  669  539
  669      669.98269      539.40300     464     0.12321  670  539
  670      670.98266      539.39581     431     0.12346  671  539
  671      671.98264      539.38861     456     0.12355  672  539
  672      672.98261      539.38142     431     0.12370  673  539
  673      673.98258      539.37423     448     0.12356  674  539
  674      674.98256      539.36703     422     0.12354  675  539
  675      675.98253      539.35984     464     0.12395  676  539
  676      676.98251      539.35264     422     0.12395  677  539
  677      677.98248      539.34545     439     0.12389  678  539
  678      678.98246      539.33826     413     0.12379  679  539
  679      679.98243      539.33106     448     0.12398  680  539
  680      680.98240      539.32387     471     0.12418  681  539
  681      681.98238      539.31667     422     0.12424  682  539
  682      682.98235      539.30948     431     0.12425  683  539
  683      683.98233      539.30229     464     0.12430  684  539
  684      684.98230      539.29509     448     0.12443  685  539
  685      685.98227      539.28790     439     0.12450  686  539
  686      686.98225      539.28070     448     0.12456  687  539
  687      687.98222      539.27351     439     0.12467  688  539
  688      688.98220      539.26632     479     0.12466  689  539
  689      689.98217      539.25912     431     0.12478  690  539
  690      690.98214      539.25193     422     0.12480  691  539
  691      691.98212      539.24473     448     0.12508  692  539
  692      692.98209      539.23754     456     0.12489  693  539
  693      693.98207      539.23034     431     0.12516  694  539
  694      694.98204      539.22315     448     0.12505  695  539
  695      695.98202      539.21596     413     0.12516  696  539
  696      696.98199      539.20876     456     0.12517  697  539
  697      697.98196      539.20157     493     0.12542  698  539
  698      698.98194      539.19437     448     0.12540  699  539
  699      699.98191      539.18718     422     0.12537  700  539
  700      700.98189      539.17999     448     0.12563  701  539
  701      701.98186      539.17279     464     0.12565  702  539
  702      702.98183      539.16560     448     0.12578  703  539
  703      703.98181      539.15840     439     0.12583  704  539
  704      704.98178      539.15121     422     0.12573  705  539
  705      705.98176      539.14402     448     0.12599  706  539
  706      706.98173      539.13682     479     0.12612  707  539
  707      707.98170      539.12963     422     0.12624  708  539
  708      708.98168      539.12243     464     0.12624  709  539
  709      709.98165      539.11524     439     0.12651  710  539
  710      710.98163      539.10805     413     0.12635  711  539
  711      711.98160      539.10085     464     0.12651  712  539
  712      712.98158      539.09366     456     0.12641  713  539
  713      713.98155      539.08646     471     0.12647  714  539
  714      714.98152      539.07927     404     0.12689  715  539
  715      715.98150      539.07208     479     0.12685  716  539
  716      716.98147      539.06488     431     0.12688  717  539
  717      717.98145      539.05769     448     0.12672  718  539
  718      718.98142      539.05049     464     0.12700  719  539
  719      719.98139      539.04330     413     0.12702  720  539
  720      720.98137      539.03611     464     0.12720  721  539
  721      721.98134      539.02891     448     0.12738  722  539
  722      722.98132      539.02172     479     0.12763  723  539
  723      723.98129      539.01452     413     0.12756  724  539
  724      724.98126      539.00733     448     0.12744  725  539
  725      725.98124      539.00013     448     0.12767  726  539
  726      726.98121      538.99294     448     0.12788  727  539
  727      727.98119      538.98575     486     0.12794  728  539
  728      728.98116      538.97855     431     0.12786  729  539
  729      729.98114      538.97136     456     0.12795  730  539
  730      730.98111      538.96416     439     0.12787  731  539
  731      731.98108      538.95697     422     0.12811  732  539
  732      732.98106      538.94978     486     0.12834  733  539
  733      733.98103      538.94258     431     0.12842  734  539
  734      734.98101      538.93539     456     0.12871  735  539
  735      735.98098      538.92819     431     0.12865  736  539
  736      736.98095      538.92100     431     0.12852  737  539
  737      737.98093      538.91381     456     0.12871  738  539
  738      738.98090      538.90661     456     0.12876  739  539
  739      739.98088      538.89942     464     0.12888  740  539
  740      740.98085      538.89222     439     0.12913  741  539
  741      741.98082      538.88503     479     0.12924  742  539
  742      742.98080      538.87784     464     0.12930  743  539
  743      743.98077      538.87064     448     0.12911  744  539
  744      744.98075      538.86345     413     0.12938  745  539
  745      745.98072      538.85625     479     0.12955  746  539
  746      746.98070      538.84906     479     0.12967  747  539
  747      747.98067      538.84187     439     0.12994  748  539
  748      748.98064      538.83467     479     0.12987  749  539
  749      749.98062      538.82748     439     0.12998  750  539
  750      750.98059      538.82028     456     0.12986  751  539
  751      751.98057      538.81309     439     0.13028  752  539
  752      752.98054      538.80590     464     0.13017  753  539
  753      753.98051      538.79870     479     0.13050  754  539
  754      754.98049      538.79151     431     0.13038  755  539
  755      755.98046      538.78431     471     0.13084  756  539
  756      756.98044      538.77712     500     0.13069  757  539
  757      757.98041      538.76993     439     0.13081  758  539
  758      758.98038      538.76273     464     0.13093  759  539
  759      759.98036      538.75554     448     0.13102  760  539
  760      760.98033      538.74834     413     0.13118  761  539
  761      761.98031      538.74115     479     0.13122  762  539
  762      762.98028      538.73395     456     0.13109  763  539
  763      763.98026      538.72676     479     0.13143  764  539
  764      764.98023      538.71957     464     0.13142  765  539
  765      765.98020      538.71237     471     0.13173  766  539
  766      766.98018      538.70518     500     0.13186  767  539
  767      767.98015      538.69798     431     0.13190  768  539
  768      768.98013      538.69079     413     0.13220  769  539
  769      769.98010      538.68360     439     0.13244  770  539
  770      770.98007      538.67640     448     0.13232  771  539
  771      771.98005      538.66921     471     0.13247  772  539
  772      772.98002      538.66201     456     0.13280  773  539
  773      773.98000      538.65482     448     0.13264  774  539
  774      774.97997      538.64763     479     0.13277  775  539
  775      775.97994      538.64043     471     0.13292  776  539
  776      776.97992      538.63324     479     0.13291  777  539
  777      777.97989      538.62604     479     0.13329  778  539
  778      778.97987      538.61885     422     0.13327  779  539
  779      779.97984      538.61166     479     0.13337  780  539
  780      780.97982      538.60446     448     0.13355  781  539
  781      781.97979      538.59727     464     0.13384  782  539
  782      782.97976      538.59007     471     0.13349  783  539
  783      783.97974      538.58288     439     0.13414  784  539
  784      784.97971      538.57569     404     0.13409  785  539
  785      785.97969      538.56849     493     0.13421  786  539
  786      786.97966      538.56130     456     0.13456  787  539
  787      787.97963      538.55410     500     0.13448  788  539
  788      788.97961      538.54691     456     0.13444  789  539
  789      789.97958      538.53972     456     0.13489  790  539
  790      790.97956      538.53252     500     0.13496  791  539
  791      791.97953      538.52533     471     0.13502  792  539
  792      792.97950      538.51813     456     0.13526  793  539
  793      793.97948      538.51094     493     0.13514  794  539
  794      794.97945      538.50374     431     0.13537  795  539
  795      795.97943      538.49655     479     0.13567  796  538
  796      796.97940      538.48936     486     0.13567  797  538
  797      797.97938      538.48216     464     0.13567  798  538
  798      798.97935      538.47497     493     0.13610  799  538
  799      799.97932      538.46777     464     0.13630  800  538
  800      800.97930      538.46058     486     0.13614  801  538
  801      801.97927      538.45339     479     0.13657  802  538
  802      802.97925      538.44619     479     0.13656  803  538
  803      803.97922      538.43900     479     0.13666  804  538
  804      804.97919      538.43180     471     0.13694  805  538
  805      805.97917      538.42461     448     0.13707  806  538
  806      806.97914      538.41742     464     0.13685  807  538
  807      807.97912      538.41022     500     0.13720  808  538
  808      808.97909      538.40303     422     0.13732  809  538
  809      809.97907      538.39583     464     0.13761  810  538
  810      810.97904      538.38864     479     0.13765  811  538
  811      811.97901      538.38145     456     0.13815  812  538
  812      812.97899      538.37425     464     0.13803  813  538
  813      813.97896      538.36706     448     0.13809  814  538
  814      814.97894      538.35986     456     0.13832  815  538
  815      815.97891      538.35267     456     0.13834  816  538
  816      816.97888      538.34548     500     0.13856  817  538
  817      817.97886      538.33828     448     0.13898  818  538
  818      818.97883      538.33109     471     0.13899  819  538
  819      819.97881      538.32389     479     0.13921  820  538
  820      820.97878      538.31670     431     0.13932  821  538
  821      821.97875      538.30951     456     0.13936  822  538
  822      822.97873      538.30231     479     0.13981  823  538
  823      823.97870      538.29512     479     0.13968  824  538
  824      824.97868      538.28792     471     0.13972  825  538
  825      825.97865      538.28073     448     0.14015  826  538
  826      826.97863      538.27354     486     0.14040  827  538
  827      827.97860      538.26634     471     0.14041  828  538
  828      828.97857      538.25915     448     0.14062  829  538
  829      829.97855      538.25195     493     0.14072  830  538
  830      830.97852      538.24476     439     0.14081  831  538
  831      831.97850      538.23756     471     0.14103  832  538
  832      832.97847      538.23037     493     0.14102  833  538
  833      833.97844      538.22318     439     0.14130  834  538
  834      834.97842      538.21598     464     0.14144  835  538
  835      835.97839      538.20879     486     0.14164  836  538
  836      836.97837      538.20159     431     0.14178  837  538
  837      837.97834      538.19440     464     0.14209  838  538
  838      838.97831      538.18721     486     0.14227  839  538
  839      839.97829      538.18001     486     0.14256  840  538
  840      840.97826      538.17282     471     0.14275  841  538
  841      841.97824      538.16562     500     0.14282  842  538
  842      842.97821      538.15843     507     0.14289  843  538
  843      843.97819      538.15124     464     0.14322  844  538
  844      844.97816      538.14404     479     0.14336  845  538
  845      845.97813      538.13685     464     0.14358  846  538
  846      846.97811      538.12965     507     0.14383  847  538
  847      847.97808      538.12246     500     0.14401  848  538
  848      848.97806      538.11527     479     0.14419  849  538
  849      849.97803      538.10807     500     0.14445  850  538
  850      850.97800      538.10088     486     0.14456  851  538
  851      851.97798      538.09368     479     0.14450  852  538
  852      852.97795      538.08649     471     0.14485  853  538
  853      853.97793      538.07930     519     0.14497  854  538
  854      854.97790      538.07210     479     0.14500  855  538
  855      855.97787      538.06491     471     0.14523  856  538
  856      856.97785      538.05771     500     0.14537  857  538
  857      857.97782      538.05052     486     0.14549  858  538
  858      858.97780      538.04333     471     0.14567  859  538
  859      859.97777      538.03613     479     0.14604  860  538
  860      860.97775      538.02894     507     0.14613  861  538
  861      861.97772      538.02174     486     0.14642  862  538
  862      862.97769      538.01455     486     0.14651  863  538
  863      863.97767      538.00735     493     0.14684  864  538
  864      864.97764      538.00016     513     0.14696  865  538
  865      865.97762      537.99297     464     0.14701  866  538
  866      866.97759      537.98577     500     0.14727  867  538
  867      867.97756      537.97858     486     0.14749  868  538
  868      868.97754      537.97138     464     0.14766  869  538
  869      869.97751      537.96419     471     0.14771  870  538
  870      870.97749      537.95700     456     0.14808  871  538
  871      871.97746      537.94980     486     0.14833  872  538
  872      872.97743      537.94261     493     0.14831  873  538
  873      873.97741      537.93541     493     0.14858  874  538
  874      874.97738      537.92822     479     0.14888  875  538
  875      875.97736      537.92103     507     0.14900  876  538
  876      876.97733      537.91383     507     0.14906  877  538
  877      877.97731      537.90664     500     0.14920  878  538
  878      878.97728      537.89944     507     0.14931  879  538
  879      879.97725      537.89225     493     0.14967  880  538
  880      880.97723      537.88506     479     0.14964  881  538
  881      881.97720      537.87786     500     0.15012  882  538
  882      882.97718      537.87067     479     0.15009  883  538
  883      883.97715      537.86347     500     0.15023  884  538
  884      884.97712      537.85628     486     0.15046  885  538
  885      885.97710      537.84909     507     0.15086  886  538
  886      886.97707      537.84189     500     0.15084  887  538
  887      887.97705      537.83470     493     0.15127  888  538
  888      888.97702      537.82750     500     0.15135  889  538
  889      889.97699      537.82031     493     0.15197  890  538
  890      890.97697      537.81312     500     0.15186  891  538
  891      891.97694      537.80592     486     0.15210  892  538
  892      892.97692      537.79873     493     0.15219  893  538
  893      893.97689      537.79153     507     0.15234  894  538
  894      894.97687      537.78434     486     0.15268  895  538
  895      895.97684      537.77715     544     0.15279  896  538
  896      896.97681      537.76995     493     0.15306  897  538
  897      897.97679      537.76276     486     0.15318  898  538
  898      898.97676      537.75556     493     0.15337  899  538
  899      899.97674      537.74837     507     0.15355  900  538
  900      900.97671      537.74117     513     0.15391  901  538
  901      901.97668      537.73398     486     0.15398  902  538
  902      902.97666      537.72679     493     0.15406  903  538
  903      903.97663      537.71959     500     0.15430  904  538
  904      904.97661      537.71240     507     0.15449  905  538
  905      905.97658      537.70520     513     0.15482  906  538
  906      906.97655      537.69801     479     0.15497  907  538
  907      907.97653      537.69082     513     0.15501  908  538
  908      908.97650      537.68362     493     0.15541  909  538
  909      909.97648      537.67643     486     0.15526  910  538
  910      910.97645      537.66923     519     0.15571  911  538
  911      911.97643      537.66204     507     0.15593  912  538
  912      912.97640      537.65485     513     0.15612  913  538
  913      913.97637      537.64765     464     0.15642  914  538
  914      914.97635      537.64046     500     0.15646  915  538
  915      915.97632      537.63326     493     0.15651  916  538
  916      916.97630      537.62607     519     0.15700  917  538
  917      917.97627      537.61888     507     0.15693  918  538
  918      918.97624      537.61168     513     0.15714  919  538
  919      919.97622      537.60449     500     0.15752  920  538
  920      920.97619      537.59729     513     0.15745  921  538
  921      921.97617      537.59010     500     0.15793  922  538
  922      922.97614      537.58291     519     0.15822  923  538
  923      923.97611      537.57571     513     0.15835  924  538
  924      924.97609      537.56852     493     0.15847  925  538
