        2000  1.3089100e+00
        2010  1.2784100e+00
        2020  1.2487000e+00
        2030  1.2197600e+00
        2040  1.1915600e+00
        2050  1.1641000e+00
        2060  1.1373300e+00
        2070  1.1112600e+00
        2080  1.0858500e+00
        2090  1.0610900e+00
        2100  1.0369600e+00
        2110  1.0134400e+00
        2120  9.9052200e-01
        2130  9.6818200e-01
        2140  9.4640700e-01
        2150  9.2518100e-01
        2160  9.0448800e-01
        2170  8.8431500e-01
        2180  8.6464600e-01
        2190  8.4547000e-01
        2200  8.2677100e-01
        2210  8.0853700e-01
        2220  7.9075600e-01
        2230  7.7341600e-01
        2240  7.5650400e-01
        2250  7.4000900e-01
        2260  7.2392000e-01
        2270  7.0822600e-01
        2280  6.9291600e-01
        2290  6.7798100e-01
        2300  6.6341000e-01
        2310  6.4919400e-01
        2320  6.3532200e-01
        2330  6.2178700e-01
        2340  6.0857900e-01
        2350  5.9569000e-01
        2360  5.8311100e-01
        2370  5.7083400e-01
        2380  5.5885100e-01
        2390  5.4715400e-01
        2400  5.3573700e-01
        2410  5.2459100e-01
        2420  5.1371000e-01
        2430  5.0308700e-01
        2440  4.9271500e-01
        2450  4.8258700e-01
        2460  4.7269800e-01
        2470  4.6304100e-01
        2480  4.5361100e-01
        2490  4.4440100e-01
        2500  4.3540500e-01
        2510  4.2661900e-01
        2520  4.1803700e-01
        2530  4.0965400e-01
        2540  4.0146400e-01
        2550  3.9346300e-01
        2560  3.8564700e-01
        2570  3.7801000e-01
        2580  3.7054700e-01
        2590  3.6325500e-01
        2600  3.5613000e-01
        2610  3.4916600e-01
        2620  3.4236100e-01
        2630  3.3570900e-01
        2640  3.2920800e-01
        2650  3.2285300e-01
        2660  3.1664200e-01
        2670  3.1056900e-01
        2680  3.0463300e-01
        2690  2.9882900e-01
        2700  2.9315400e-01
        2710  2.8760500e-01
        2720  2.8218000e-01
        2730  2.7687400e-01
        2740  2.7168600e-01
        2750  2.6661200e-01
        2760  2.6164900e-01
        2770  2.5679500e-01
        2780  2.5204700e-01
        2790  2.4740300e-01
        2800  2.4286000e-01
        2810  2.3841500e-01
        2820  2.3406700e-01
        2830  2.2981300e-01
        2840  2.2565000e-01
        2850  2.2157700e-01
        2860  2.1759200e-01
        2870  2.1369200e-01
        2880  2.0987500e-01
        2890  2.0613900e-01
        2900  2.0248300e-01
        2910  1.9890400e-01
        2920  1.9540100e-01
        2930  1.9197300e-01
        2940  1.8861600e-01
        2950  1.8533000e-01
        2960  1.8211200e-01
        2970  1.7896200e-01
        2980  1.7587800e-01
        2990  1.7285800e-01
        3000  1.6990000e-01
        3010  1.6700400e-01
        3020  1.6416800e-01
        3030  1.6139000e-01
        3040  1.5866900e-01
        3050  1.5600400e-01
        3060  1.5339400e-01
        3070  1.5083700e-01
        3080  1.4833200e-01
        3090  1.4587800e-01
        3100  1.4347400e-01
        3110  1.4111800e-01
        3120  1.3881000e-01
        3130  1.3654800e-01
        3140  1.3433200e-01
        3150  1.3216000e-01
        3160  1.3003200e-01
        3170  1.2794600e-01
        3180  1.2590100e-01
        3190  1.2389800e-01
        3200  1.2193300e-01
        3210  1.2000800e-01
        3220  1.1812100e-01
        3230  1.1627000e-01
        3240  1.1445600e-01
        3250  1.1267800e-01
        3260  1.1093400e-01
        3270  1.0922400e-01
        3280  1.0754700e-01
        3290  1.0590300e-01
        3300  1.0429100e-01
        3310  1.0271000e-01
        3320  1.0115900e-01
        3330  9.9637700e-02
        3340  9.8145800e-02
        3350  9.6682400e-02
        3360  9.5246900e-02
        3370  9.3838700e-02
        3380  9.2457300e-02
        3390  9.1102000e-02
        3400  8.9772300e-02
        3410  8.8467600e-02
        3420  8.7187500e-02
        3430  8.5931300e-02
        3440  8.4698700e-02
        3450  8.3489100e-02
        3460  8.2302000e-02
        3470  8.1137000e-02
        3480  7.9993600e-02
        3490  7.8871300e-02
        3500  7.7769800e-02
        3510  7.6688500e-02
        3520  7.5627100e-02
        3530  7.4585100e-02
        3540  7.3562200e-02
        3550  7.2557900e-02
        3560  7.1572000e-02
        3570  7.0603900e-02
        3580  6.9653400e-02
        3590  6.8720000e-02
        3600  6.7803500e-02
        3610  6.6903500e-02
        3620  6.6019600e-02
        3630  6.5151600e-02
        3640  6.4299100e-02
        3650  6.3461800e-02
        3660  6.2639400e-02
        3670  6.1831600e-02
        3680  6.1038200e-02
        3690  6.0258700e-02
        3700  5.9493000e-02
        3710  5.8740800e-02
        3720  5.8001800e-02
        3730  5.7275800e-02
        3740  5.6562400e-02
        3750  5.5861500e-02
        3760  5.5172900e-02
        3770  5.4496100e-02
        3780  5.3831200e-02
        3790  5.3177700e-02
        3800  5.2535500e-02
        3810  5.1904400e-02
        3820  5.1284100e-02
        3830  5.0674500e-02
        3840  5.0075300e-02
        3850  4.9486400e-02
        3860  4.8907500e-02
        3870  4.8338500e-02
        3880  4.7779200e-02
        3890  4.7229300e-02
        3900  4.6688700e-02
        3910  4.6157300e-02
        3920  4.5634900e-02
        3930  4.5121200e-02
        3940  4.4616200e-02
        3950  4.4119600e-02
        3960  4.3631300e-02
        3970  4.3151300e-02
        3980  4.2679200e-02
        3990  4.2214900e-02
        4000  4.1758400e-02
        4010  4.1309500e-02
        4020  4.0868000e-02
        4030  4.0433800e-02
        4040  4.0006800e-02
        4050  3.9586800e-02
        4060  3.9173700e-02
        4070  3.8767400e-02
        4080  3.8367700e-02
        4090  3.7974600e-02
        4100  3.7588000e-02
        4110  3.7207600e-02
        4120  3.6833500e-02
        4130  3.6465400e-02
        4140  3.6103300e-02
        4150  3.5747100e-02
        4160  3.5396700e-02
        4170  3.5051900e-02
        4180  3.4712700e-02
        4190  3.4379000e-02
        4200  3.4050700e-02
        4210  3.3727700e-02
        4220  3.3409800e-02
        4230  3.3097100e-02
        4240  3.2789400e-02
        4250  3.2486600e-02
        4260  3.2188700e-02
        4270  3.1895500e-02
        4280  3.1607100e-02
        4290  3.1323200e-02
        4300  3.1043900e-02
        4310  3.0769000e-02
        4320  3.0498500e-02
        4330  3.0232300e-02
        4340  2.9970400e-02
        4350  2.9712600e-02
        4360  2.9458900e-02
        4370  2.9209300e-02
        4380  2.8963600e-02
        4390  2.8721800e-02
        4400  2.8483800e-02
        4410  2.8249700e-02
        4420  2.8019200e-02
        4430  2.7792400e-02
        4440  2.7569200e-02
        4450  2.7349500e-02
        4460  2.7133300e-02
        4470  2.6920600e-02
        4480  2.6711200e-02
        4490  2.6505100e-02
        4500  2.6302300e-02
        4510  2.6102700e-02
        4520  2.5906300e-02
        4530  2.5713000e-02
        4540  2.5522800e-02
        4550  2.5335600e-02
        4560  2.5151400e-02
        4570  2.4970100e-02
        4580  2.4791700e-02
        4590  2.4616200e-02
        4600  2.4443400e-02
        4610  2.4273400e-02
        4620  2.4106200e-02
        4630  2.3941600e-02
        4640  2.3779600e-02
        4650  2.3620300e-02
        4660  2.3463500e-02
        4670  2.3309300e-02
        4680  2.3157500e-02
        4690  2.3008300e-02
        4700  2.2861400e-02
        4710  2.2716900e-02
        4720  2.2574800e-02
        4730  2.2435000e-02
        4740  2.2297400e-02
        4750  2.2162200e-02
        4760  2.2029100e-02
        4770  2.1898300e-02
        4780  2.1769600e-02
        4790  2.1643100e-02
        4800  2.1518700e-02
        4810  2.1396300e-02
        4820  2.1276100e-02
        4830  2.1157800e-02
        4840  2.1041500e-02
        4850  2.0927200e-02
        4860  2.0814900e-02
        4870  2.0704500e-02
        4880  2.0596000e-02
        4890  2.0489400e-02
        4900  2.0384600e-02
        4910  2.0281600e-02
        4920  2.0180500e-02
        4930  2.0081100e-02
        4940  1.9983500e-02
        4950  1.9887700e-02
        4960  1.9793600e-02
        4970  1.9701100e-02
        4980  1.9610400e-02
        4990  1.9521300e-02
        5000  1.9433900e-02
        5010  1.9348100e-02
        5020  1.9263900e-02
        5030  1.9181300e-02
        5040  1.9100300e-02
        5050  1.9020800e-02
        5060  1.8942900e-02
        5070  1.8866500e-02
        5080  1.8791600e-02
        5090  1.8718200e-02
        5100  1.8646200e-02
        5110  1.8575800e-02
        5120  1.8506800e-02
        5130  1.8439200e-02
        5140  1.8373000e-02
        5150  1.8308200e-02
        5160  1.8244900e-02
        5170  1.8182900e-02
        5180  1.8122300e-02
        5190  1.8063000e-02
        5200  1.8005100e-02
        5210  1.7948500e-02
        5220  1.7893200e-02
        5230  1.7839300e-02
        5240  1.7786600e-02
        5250  1.7735200e-02
        5260  1.7685100e-02
        5270  1.7636300e-02
        5280  1.7588700e-02
        5290  1.7542400e-02
        5300  1.7497300e-02
        5310  1.7453500e-02
        5320  1.7410800e-02
        5330  1.7369400e-02
        5340  1.7329200e-02
        5350  1.7290200e-02
        5360  1.7252400e-02
        5370  1.7215700e-02
        5380  1.7180200e-02
        5390  1.7145900e-02
        5400  1.7112800e-02
        5410  1.7080800e-02
        5420  1.7050000e-02
        5430  1.7020300e-02
        5440  1.6991700e-02
        5450  1.6964300e-02
        5460  1.6938000e-02
        5470  1.6912800e-02
        5480  1.6888700e-02
        5490  1.6865800e-02
        5500  1.6843900e-02
        5510  1.6823200e-02
        5520  1.6803500e-02
        5530  1.6785000e-02
        5540  1.6767500e-02
        5550  1.6751100e-02
        5560  1.6735800e-02
        5570  1.6721600e-02
        5580  1.6708500e-02
        5590  1.6696400e-02
        5600  1.6685400e-02
        5610  1.6675500e-02
        5620  1.6666700e-02
        5630  1.6658900e-02
        5640  1.6652200e-02
        5650  1.6646600e-02
        5660  1.6642000e-02
        5670  1.6638500e-02
        5680  1.6636000e-02
        5690  1.6634600e-02
        5700  1.6634300e-02
        5710  1.6635000e-02
        5720  1.6636800e-02
        5730  1.6639700e-02
        5740  1.6643600e-02
        5750  1.6648600e-02
        5760  1.6654700e-02
        5770  1.6661800e-02
        5780  1.6670000e-02
        5790  1.6679200e-02
        5800  1.6689500e-02
        5810  1.6700900e-02
        5820  1.6713400e-02
        5830  1.6727000e-02
        5840  1.6741600e-02
        5850  1.6757300e-02
        5860  1.6774100e-02
        5870  1.6792000e-02
        5880  1.6811000e-02
        5890  1.6831000e-02
        5900  1.6852200e-02
        5910  1.6874500e-02
        5920  1.6897900e-02
        5930  1.6922400e-02
        5940  1.6948000e-02
        5950  1.6974700e-02
        5960  1.7002600e-02
        5970  1.7031600e-02
        5980  1.7061700e-02
        5990  1.7093000e-02
        6000  1.7125500e-02
        6010  1.7159000e-02
        6020  1.7193800e-02
        6030  1.7229700e-02
        6040  1.7266800e-02
        6050  1.7305100e-02
        6060  1.7344600e-02
        6070  1.7385300e-02
        6080  1.7427200e-02
        6090  1.7470300e-02
        6100  1.7514600e-02
        6110  1.7560200e-02
        6120  1.7607000e-02
        6130  1.7655000e-02
        6140  1.7704300e-02
        6150  1.7754900e-02
        6160  1.7806800e-02
        6170  1.7859900e-02
        6180  1.7914400e-02
        6190  1.7970200e-02
        6200  1.8027300e-02
        6210  1.8085700e-02
        6220  1.8145500e-02
        6230  1.8206700e-02
        6240  1.8269200e-02
        6250  1.8333100e-02
        6260  1.8398400e-02
        6270  1.8465100e-02
        6280  1.8533200e-02
        6290  1.8602800e-02
        6300  1.8673800e-02
        6310  1.8746300e-02
        6320  1.8820300e-02
        6330  1.8895800e-02
        6340  1.8972800e-02
        6350  1.9051300e-02
        6360  1.9131400e-02
        6370  1.9213000e-02
        6380  1.9296200e-02
        6390  1.9381000e-02
        6400  1.9467500e-02
        6410  1.9555500e-02
        6420  1.9645200e-02
        6430  1.9736600e-02
        6440  1.9829700e-02
        6450  1.9924500e-02
        6460  2.0021000e-02
        6470  2.0119300e-02
        6480  2.0219300e-02
        6490  2.0321100e-02
        6500  2.0424800e-02
        6510  2.0530300e-02
        6520  2.0637600e-02
        6530  2.0746900e-02
        6540  2.0858000e-02
        6550  2.0971100e-02
        6560  2.1086200e-02
        6570  2.1203200e-02
        6580  2.1322200e-02
        6590  2.1443300e-02
        6600  2.1566500e-02
        6610  2.1691700e-02
        6620  2.1819100e-02
        6630  2.1948600e-02
        6640  2.2080200e-02
        6650  2.2214100e-02
        6660  2.2350300e-02
        6670  2.2488700e-02
        6680  2.2629400e-02
        6690  2.2772400e-02
        6700  2.2917800e-02
        6710  2.3065600e-02
        6720  2.3215800e-02
        6730  2.3368500e-02
        6740  2.3523800e-02
        6750  2.3681500e-02
        6760  2.3841800e-02
        6770  2.4004800e-02
        6780  2.4170400e-02
        6790  2.4338700e-02
        6800  2.4509800e-02
        6810  2.4683600e-02
        6820  2.4860200e-02
        6830  2.5039700e-02
        6840  2.5222100e-02
        6850  2.5407500e-02
        6860  2.5595900e-02
        6870  2.5787300e-02
        6880  2.5981800e-02
        6890  2.6179400e-02
        6900  2.6380200e-02
        6910  2.6584300e-02
        6920  2.6791600e-02
        6930  2.7002300e-02
        6940  2.7216400e-02
        6950  2.7433900e-02
        6960  2.7654900e-02
        6970  2.7879500e-02
        6980  2.8107700e-02
        6990  2.8339600e-02
        7000  2.8575200e-02
        7010  2.8814700e-02
        7020  2.9058000e-02
        7030  2.9305200e-02
        7040  2.9556400e-02
        7050  2.9811600e-02
        7060  3.0071000e-02
        7070  3.0334600e-02
        7080  3.0602400e-02
        7090  3.0874600e-02
        7100  3.1151200e-02
        7110  3.1432200e-02
        7120  3.1717900e-02
        7130  3.2008100e-02
        7140  3.2303100e-02
        7150  3.2602900e-02
        7160  3.2907600e-02
        7170  3.3217200e-02
        7180  3.3531900e-02
        7190  3.3851700e-02
        7200  3.4176800e-02
        7210  3.4507200e-02
        7220  3.4843000e-02
        7230  3.5184300e-02
        7240  3.5531300e-02
        7250  3.5883900e-02
        7260  3.6242400e-02
        7270  3.6606700e-02
        7280  3.6977100e-02
        7290  3.7353700e-02
        7300  3.7736500e-02
        7310  3.8125600e-02
        7320  3.8521200e-02
        7330  3.8923400e-02
        7340  3.9332300e-02
        7350  3.9748000e-02
        7360  4.0170700e-02
        7370  4.0600500e-02
        7380  4.1037500e-02
        7390  4.1481900e-02
        7400  4.1933700e-02
        7410  4.2393200e-02
        7420  4.2860500e-02
        7430  4.3335600e-02
        7440  4.3818800e-02
        7450  4.4310300e-02
        7460  4.4810100e-02
        7470  4.5318400e-02
        7480  4.5835500e-02
        7490  4.6361400e-02
        7500  4.6896300e-02
        7510  4.7440400e-02
        7520  4.7993900e-02
        7530  4.8557000e-02
        7540  4.9129800e-02
        7550  4.9712500e-02
        7560  5.0305400e-02
        7570  5.0908600e-02
        7580  5.1522300e-02
        7590  5.2146700e-02
        7600  5.2782100e-02
        7610  5.3428600e-02
        7620  5.4086500e-02
        7630  5.4755900e-02
        7640  5.5437300e-02
        7650  5.6130600e-02
        7660  5.6836300e-02
        7670  5.7554500e-02
        7680  5.8285500e-02
        7690  5.9029600e-02
        7700  5.9787000e-02
        7710  6.0557900e-02
        7720  6.1342800e-02
        7730  6.2141700e-02
        7740  6.2955100e-02
        7750  6.3783200e-02
        7760  6.4626400e-02
        7770  6.5484800e-02
        7780  6.6358900e-02
        7790  6.7249000e-02
        7800  6.8155300e-02
        7810  6.9078300e-02
        7820  7.0018200e-02
        7830  7.0975500e-02
        7840  7.1950400e-02
        7850  7.2943400e-02
        7860  7.3954800e-02
        7870  7.4985000e-02
        7880  7.6034400e-02
        7890  7.7103500e-02
        7900  7.8192500e-02
        7910  7.9302000e-02
        7920  8.0432400e-02
        7930  8.1584100e-02
        7940  8.2757600e-02
        7950  8.3953300e-02
        7960  8.5171800e-02
        7970  8.6413400e-02
        7980  8.7678700e-02
        7990  8.8968300e-02
        8000  9.0282500e-02
        8010  9.1622000e-02
        8020  9.2987400e-02
        8030  9.4379100e-02
        8040  9.5797800e-02
        8050  9.7243900e-02
        8060  9.8718300e-02
        8070  1.0022100e-01
        8080  1.0175400e-01
        8090  1.0331600e-01
        8100  1.0490900e-01
        8110  1.0653400e-01
        8120  1.0819100e-01
        8130  1.0988000e-01
        8140  1.1160300e-01
        8150  1.1336000e-01
        8160  1.1515200e-01
        8170  1.1698000e-01
        8180  1.1884500e-01
        8190  1.2074700e-01
        8200  1.2268700e-01
        8210  1.2466600e-01
        8220  1.2668600e-01
        8230  1.2874600e-01
        8240  1.3084800e-01
        8250  1.3299300e-01
        8260  1.3518200e-01
        8270  1.3741600e-01
        8280  1.3969500e-01
        8290  1.4202200e-01
        8300  1.4439600e-01
        8310  1.4681900e-01
        8320  1.4929300e-01
        8330  1.5181800e-01
        8340  1.5439500e-01
        8350  1.5702600e-01
        8360  1.5971300e-01
        8370  1.6245500e-01
        8380  1.6525600e-01
        8390  1.6811500e-01
        8400  1.7103400e-01
        8410  1.7401600e-01
        8420  1.7706100e-01
        8430  1.8017000e-01
        8440  1.8334600e-01
        8450  1.8659000e-01
        8460  1.8990300e-01
        8470  1.9328700e-01
        8480  1.9674500e-01
        8490  2.0027700e-01
        8500  2.0388500e-01
        8510  2.0376749e-01
        8520  2.0364999e-01
        8530  2.0353248e-01
        8540  2.0341498e-01
        8550  2.0329747e-01
        8560  2.0317996e-01
        8570  2.0306246e-01
        8580  2.0294495e-01
        8590  2.0282745e-01
        8600  2.0270994e-01
        8610  2.0259243e-01
        8620  2.0247493e-01
        8630  2.0235742e-01
        8640  2.0223992e-01
        8650  2.0212241e-01
        8660  2.0200490e-01
        8670  2.0188740e-01
        8680  2.0176989e-01
        8690  2.0165238e-01
        8700  2.0153488e-01
        8710  2.0141737e-01
        8720  2.0129987e-01
        8730  2.0118236e-01
        8740  2.0106485e-01
        8750  2.0094735e-01
        8760  2.0082984e-01
        8770  2.0071234e-01
        8780  2.0059483e-01
        8790  2.0047732e-01
        8800  2.0035982e-01
        8810  2.0024231e-01
        8820  2.0012481e-01
        8830  2.0000730e-01
        8840  1.9988979e-01
        8850  1.9977229e-01
        8860  1.9965478e-01
        8870  1.9953728e-01
        8880  1.9941977e-01
        8890  1.9930226e-01
        8900  1.9918476e-01
        8910  1.9906725e-01
        8920  1.9894975e-01
        8930  1.9883224e-01
        8940  1.9871473e-01
        8950  1.9859723e-01
        8960  1.9847972e-01
        8970  1.9836222e-01
        8980  1.9824471e-01
        8990  1.9812720e-01
        9000  1.9800970e-01
        9010  1.9789219e-01
        9020  1.9777468e-01
        9030  1.9765718e-01
        9040  1.9753967e-01
        9050  1.9742217e-01
        9060  1.9730466e-01
        9070  1.9718715e-01
        9080  1.9706965e-01
        9090  1.9695214e-01
        9100  1.9683464e-01
        9110  1.9671713e-01
        9120  1.9659962e-01
        9130  1.9648212e-01
        9140  1.9636461e-01
        9150  1.9624711e-01
        9160  1.9612960e-01
        9170  1.9601209e-01
        9180  1.9589459e-01
        9190  1.9577708e-01
        9200  1.9565958e-01
        9210  1.9554207e-01
        9220  1.9542456e-01
        9230  1.9530706e-01
        9240  1.9518955e-01
        9250  1.9507205e-01
        9260  1.9495454e-01
        9270  1.9483703e-01
        9280  1.9471953e-01
        9290  1.9460202e-01
        9300  1.9448452e-01
        9310  1.9436701e-01
        9320  1.9424950e-01
        9330  1.9413200e-01
        9340  1.9401449e-01
        9350  1.9389698e-01
        9360  1.9377948e-01
        9370  1.9366197e-01
        9380  1.9354447e-01
        9390  1.9342696e-01
        9400  1.9330945e-01
        9410  1.9319195e-01
        9420  1.9307444e-01
        9430  1.9295694e-01
        9440  1.9283943e-01
        9450  1.9272192e-01
        9460  1.9260442e-01
        9470  1.9248691e-01
        9480  1.9236941e-01
        9490  1.9225190e-01
        9500  1.9213439e-01
        9510  1.9201689e-01
        9520  1.9189938e-01
        9530  1.9178188e-01
        9540  1.9166437e-01
        9550  1.9154686e-01
        9560  1.9142936e-01
        9570  1.9131185e-01
        9580  1.9119435e-01
        9590  1.9107684e-01
        9600  1.9095933e-01
        9610  1.9084183e-01
        9620  1.9072432e-01
        9630  1.9060682e-01
        9640  1.9048931e-01
        9650  1.9037180e-01
        9660  1.9025430e-01
        9670  1.9013679e-01
        9680  1.9001928e-01
        9690  1.8990178e-01
        9700  1.8978427e-01
        9710  1.8966677e-01
        9720  1.8954926e-01
        9730  1.8943175e-01
        9740  1.8931425e-01
        9750  1.8919674e-01
        9760  1.8907924e-01
        9770  1.8896173e-01
        9780  1.8884422e-01
        9790  1.8872672e-01
        9800  1.8860921e-01
        9810  1.8849171e-01
        9820  1.8837420e-01
        9830  1.8825669e-01
        9840  1.8813919e-01
        9850  1.8802168e-01
        9860  1.8790418e-01
        9870  1.8778667e-01
        9880  1.8766916e-01
        9890  1.8755166e-01
        9900  1.8743415e-01
        9910  1.8731665e-01
        9920  1.8719914e-01
        9930  1.8708163e-01
        9940  1.8696413e-01
        9950  1.8684662e-01
        9960  1.8672912e-01
        9970  1.8661161e-01
        9980  1.8649410e-01
        9990  1.8637660e-01
       10000  1.8625909e-01
       10010  1.8614158e-01
       10020  1.8602408e-01
       10030  1.8590657e-01
       10040  1.8578907e-01
       10050  1.8567156e-01
       10060  1.8555405e-01
       10070  1.8543655e-01
       10080  1.8531904e-01
       10090  1.8520154e-01
       10100  1.8508403e-01
       10110  1.8496652e-01
       10120  1.8484902e-01
       10130  1.8473151e-01
       10140  1.8461401e-01
       10150  1.8449650e-01
       10160  1.8437899e-01
       10170  1.8426149e-01
       10180  1.8414398e-01
       10190  1.8402648e-01
       10200  1.8390897e-01
       10210  1.8379146e-01
       10220  1.8367396e-01
       10230  1.8355645e-01
       10240  1.8343895e-01
       10250  1.8332144e-01
       10260  1.8320393e-01
       10270  1.8308643e-01
       10280  1.8296892e-01
       10290  1.8285142e-01
       10300  1.8273391e-01
       10310  1.8261640e-01
       10320  1.8249890e-01
       10330  1.8238139e-01
       10340  1.8226388e-01
       10350  1.8214638e-01
       10360  1.8202887e-01
       10370  1.8191137e-01
       10380  1.8179386e-01
       10390  1.8167635e-01
       10400  1.8155885e-01
       10410  1.8144134e-01
       10420  1.8132384e-01
       10430  1.8120633e-01
       10440  1.8108882e-01
       10450  1.8097132e-01
       10460  1.8085381e-01
       10470  1.8073631e-01
       10480  1.8061880e-01
       10490  1.8050129e-01
       10500  1.8038379e-01
       10510  1.8026628e-01
       10520  1.8014878e-01
       10530  1.8003127e-01
       10540  1.7991376e-01
       10550  1.7979626e-01
       10560  1.7967875e-01
       10570  1.7956125e-01
       10580  1.7944374e-01
       10590  1.7932623e-01
       10600  1.7920873e-01
       10610  1.7909122e-01
       10620  1.7897372e-01
       10630  1.7885621e-01
       10640  1.7873870e-01
       10650  1.7862120e-01
       10660  1.7850369e-01
       10670  1.7838618e-01
       10680  1.7826868e-01
       10690  1.7815117e-01
       10700  1.7803367e-01
       10710  1.7791616e-01
       10720  1.7779865e-01
       10730  1.7768115e-01
       10740  1.7756364e-01
       10750  1.7744614e-01
       10760  1.7732863e-01
       10770  1.7721112e-01
       10780  1.7709362e-01
       10790  1.7697611e-01
       10800  1.7685861e-01
       10810  1.7674110e-01
       10820  1.7662359e-01
       10830  1.7650609e-01
       10840  1.7638858e-01
       10850  1.7627108e-01
       10860  1.7615357e-01
       10870  1.7603606e-01
       10880  1.7591856e-01
       10890  1.7580105e-01
       10900  1.7568355e-01
       10910  1.7556604e-01
       10920  1.7544853e-01
       10930  1.7533103e-01
       10940  1.7521352e-01
       10950  1.7509602e-01
       10960  1.7497851e-01
       10970  1.7486100e-01
       10980  1.7474350e-01
       10990  1.7462599e-01
       11000  1.7450848e-01
       11010  1.7439098e-01
       11020  1.7427347e-01
       11030  1.7415597e-01
       11040  1.7403846e-01
       11050  1.7392095e-01
       11060  1.7380345e-01
       11070  1.7368594e-01
       11080  1.7356844e-01
       11090  1.7345093e-01
       11100  1.7333342e-01
       11110  1.7321592e-01
       11120  1.7309841e-01
       11130  1.7298091e-01
       11140  1.7286340e-01
       11150  1.7274589e-01
       11160  1.7262839e-01
       11170  1.7251088e-01
       11180  1.7239338e-01
       11190  1.7227587e-01
       11200  1.7215836e-01
       11210  1.7204086e-01
       11220  1.7192335e-01
       11230  1.7180585e-01
       11240  1.7168834e-01
       11250  1.7157083e-01
       11260  1.7145333e-01
       11270  1.7133582e-01
       11280  1.7121832e-01
       11290  1.7110081e-01
       11300  1.7098330e-01
       11310  1.7086580e-01
       11320  1.7074829e-01
       11330  1.7063078e-01
       11340  1.7051328e-01
       11350  1.7039577e-01
       11360  1.7027827e-01
       11370  1.7016076e-01
       11380  1.7004325e-01
       11390  1.6992575e-01
       11400  1.6980824e-01
       11410  1.6969074e-01
       11420  1.6957323e-01
       11430  1.6945572e-01
       11440  1.6933822e-01
       11450  1.6922071e-01
       11460  1.6910321e-01
       11470  1.6898570e-01
       11480  1.6886819e-01
       11490  1.6875069e-01
       11500  1.6863318e-01
       11510  1.6851568e-01
       11520  1.6839817e-01
       11530  1.6828066e-01
       11540  1.6816316e-01
       11550  1.6804565e-01
       11560  1.6792815e-01
       11570  1.6781064e-01
       11580  1.6769313e-01
       11590  1.6757563e-01
       11600  1.6745812e-01
       11610  1.6734062e-01
       11620  1.6722311e-01
       11630  1.6710560e-01
       11640  1.6698810e-01
       11650  1.6687059e-01
       11660  1.6675308e-01
       11670  1.6663558e-01
       11680  1.6651807e-01
       11690  1.6640057e-01
       11700  1.6628306e-01
       11710  1.6616555e-01
       11720  1.6604805e-01
       11730  1.6593054e-01
       11740  1.6581304e-01
       11750  1.6569553e-01
       11760  1.6557802e-01
       11770  1.6546052e-01
       11780  1.6534301e-01
       11790  1.6522551e-01
       11800  1.6510800e-01
       11810  1.6499049e-01
       11820  1.6487299e-01
       11830  1.6475548e-01
       11840  1.6463798e-01
       11850  1.6452047e-01
       11860  1.6440296e-01
       11870  1.6428546e-01
       11880  1.6416795e-01
       11890  1.6405045e-01
       11900  1.6393294e-01
       11910  1.6381543e-01
       11920  1.6369793e-01
       11930  1.6358042e-01
       11940  1.6346292e-01
       11950  1.6334541e-01
       11960  1.6322790e-01
       11970  1.6311040e-01
       11980  1.6299289e-01
       11990  1.6287538e-01
       12000  1.6275788e-01
       12010  1.6264037e-01
       12020  1.6252287e-01
       12030  1.6240536e-01
       12040  1.6228785e-01
       12050  1.6217035e-01
       12060  1.6205284e-01
       12070  1.6193534e-01
       12080  1.6181783e-01
       12090  1.6170032e-01
       12100  1.6158282e-01
       12110  1.6146531e-01
       12120  1.6134781e-01
       12130  1.6123030e-01
       12140  1.6111279e-01
       12150  1.6099529e-01
       12160  1.6087778e-01
       12170  1.6076028e-01
       12180  1.6064277e-01
       12190  1.6052526e-01
       12200  1.6040776e-01
       12210  1.6029025e-01
       12220  1.6017275e-01
       12230  1.6005524e-01
       12240  1.5993773e-01
       12250  1.5982023e-01
       12260  1.5970272e-01
       12270  1.5958522e-01
       12280  1.5946771e-01
       12290  1.5935020e-01
       12300  1.5923270e-01
       12310  1.5911519e-01
       12320  1.5899768e-01
       12330  1.5888018e-01
       12340  1.5876267e-01
       12350  1.5864517e-01
       12360  1.5852766e-01
       12370  1.5841015e-01
       12380  1.5829265e-01
       12390  1.5817514e-01
       12400  1.5805764e-01
       12410  1.5794013e-01
       12420  1.5782262e-01
       12430  1.5770512e-01
       12440  1.5758761e-01
       12450  1.5747011e-01
       12460  1.5735260e-01
       12470  1.5723509e-01
       12480  1.5711759e-01
       12490  1.5700008e-01
       12500  1.5688258e-01
       12510  1.5676507e-01
       12520  1.5664756e-01
       12530  1.5653006e-01
       12540  1.5641255e-01
       12550  1.5629505e-01
       12560  1.5617754e-01
       12570  1.5606003e-01
       12580  1.5594253e-01
       12590  1.5582502e-01
       12600  1.5570752e-01
       12610  1.5559001e-01
       12620  1.5547250e-01
       12630  1.5535500e-01
       12640  1.5523749e-01
       12650  1.5511998e-01
       12660  1.5500248e-01
       12670  1.5488497e-01
       12680  1.5476747e-01
       12690  1.5464996e-01
       12700  1.5453245e-01
       12710  1.5441495e-01
       12720  1.5429744e-01
       12730  1.5417994e-01
       12740  1.5406243e-01
       12750  1.5394492e-01
       12760  1.5382742e-01
       12770  1.5370991e-01
       12780  1.5359241e-01
       12790  1.5347490e-01
       12800  1.5335739e-01
       12810  1.5323989e-01
       12820  1.5312238e-01
       12830  1.5300488e-01
       12840  1.5288737e-01
       12850  1.5276986e-01
       12860  1.5265236e-01
       12870  1.5253485e-01
       12880  1.5241735e-01
       12890  1.5229984e-01
       12900  1.5218233e-01
       12910  1.5206483e-01
       12920  1.5194732e-01
       12930  1.5182982e-01
       12940  1.5171231e-01
       12950  1.5159480e-01
       12960  1.5147730e-01
       12970  1.5135979e-01
       12980  1.5124228e-01
       12990  1.5112478e-01
       13000  1.5100727e-01
       13010  1.5088977e-01
       13020  1.5077226e-01
       13030  1.5065475e-01
       13040  1.5053725e-01
       13050  1.5041974e-01
       13060  1.5030224e-01
       13070  1.5018473e-01
       13080  1.5006722e-01
       13090  1.4994972e-01
       13100  1.4983221e-01
       13110  1.4971471e-01
       13120  1.4959720e-01
       13130  1.4947969e-01
       13140  1.4936219e-01
       13150  1.4924468e-01
       13160  1.4912718e-01
       13170  1.4900967e-01
       13180  1.4889216e-01
       13190  1.4877466e-01
       13200  1.4865715e-01
       13210  1.4853965e-01
       13220  1.4842214e-01
       13230  1.4830463e-01
       13240  1.4818713e-01
       13250  1.4806962e-01
       13260  1.4795212e-01
       13270  1.4783461e-01
       13280  1.4771710e-01
       13290  1.4759960e-01
       13300  1.4748209e-01
       13310  1.4736458e-01
       13320  1.4724708e-01
       13330  1.4712957e-01
       13340  1.4701207e-01
       13350  1.4689456e-01
       13360  1.4677705e-01
       13370  1.4665955e-01
       13380  1.4654204e-01
       13390  1.4642454e-01
       13400  1.4630703e-01
       13410  1.4618952e-01
       13420  1.4607202e-01
       13430  1.4595451e-01
       13440  1.4583701e-01
       13450  1.4571950e-01
       13460  1.4560199e-01
       13470  1.4548449e-01
       13480  1.4536698e-01
       13490  1.4524948e-01
       13500  1.4513197e-01
       13510  1.4501446e-01
       13520  1.4489696e-01
       13530  1.4477945e-01
       13540  1.4466195e-01
       13550  1.4454444e-01
       13560  1.4442693e-01
       13570  1.4430943e-01
       13580  1.4419192e-01
       13590  1.4407442e-01
       13600  1.4395691e-01
       13610  1.4383940e-01
       13620  1.4372190e-01
       13630  1.4360439e-01
       13640  1.4348688e-01
       13650  1.4336938e-01
       13660  1.4325187e-01
       13670  1.4313437e-01
       13680  1.4301686e-01
       13690  1.4289935e-01
       13700  1.4278185e-01
       13710  1.4266434e-01
       13720  1.4254684e-01
       13730  1.4242933e-01
       13740  1.4231182e-01
       13750  1.4219432e-01
       13760  1.4207681e-01
       13770  1.4195931e-01
       13780  1.4184180e-01
       13790  1.4172429e-01
       13800  1.4160679e-01
       13810  1.4148928e-01
       13820  1.4137178e-01
       13830  1.4125427e-01
       13840  1.4113676e-01
       13850  1.4101926e-01
       13860  1.4090175e-01
       13870  1.4078425e-01
       13880  1.4066674e-01
       13890  1.4054923e-01
       13900  1.4043173e-01
       13910  1.4031422e-01
       13920  1.4019672e-01
       13930  1.4007921e-01
       13940  1.3996170e-01
       13950  1.3984420e-01
       13960  1.3972669e-01
       13970  1.3960918e-01
       13980  1.3949168e-01
       13990  1.3937417e-01
       14000  1.3925667e-01
       14010  1.3913916e-01
       14020  1.3902165e-01
       14030  1.3890415e-01
       14040  1.3878664e-01
       14050  1.3866914e-01
       14060  1.3855163e-01
       14070  1.3843412e-01
       14080  1.3831662e-01
       14090  1.3819911e-01
       14100  1.3808161e-01
       14110  1.3796410e-01
       14120  1.3784659e-01
       14130  1.3772909e-01
       14140  1.3761158e-01
       14150  1.3749408e-01
       14160  1.3737657e-01
       14170  1.3725906e-01
       14180  1.3714156e-01
       14190  1.3702405e-01
       14200  1.3690655e-01
       14210  1.3678904e-01
       14220  1.3667153e-01
       14230  1.3655403e-01
       14240  1.3643652e-01
       14250  1.3631902e-01
       14260  1.3620151e-01
       14270  1.3608400e-01
       14280  1.3596650e-01
       14290  1.3584899e-01
       14300  1.3573148e-01
       14310  1.3561398e-01
       14320  1.3549647e-01
       14330  1.3537897e-01
       14340  1.3526146e-01
       14350  1.3514395e-01
       14360  1.3502645e-01
       14370  1.3490894e-01
       14380  1.3479144e-01
       14390  1.3467393e-01
       14400  1.3455642e-01
       14410  1.3443892e-01
       14420  1.3432141e-01
       14430  1.3420391e-01
       14440  1.3408640e-01
       14450  1.3396889e-01
       14460  1.3385139e-01
       14470  1.3373388e-01
       14480  1.3361638e-01
       14490  1.3349887e-01
       14500  1.3338136e-01
       14510  1.3326386e-01
       14520  1.3314635e-01
       14530  1.3302885e-01
       14540  1.3291134e-01
       14550  1.3279383e-01
       14560  1.3267633e-01
       14570  1.3255882e-01
       14580  1.3244132e-01
       14590  1.3232381e-01
       14600  1.3220630e-01
       14610  1.3208880e-01
       14620  1.3197129e-01
       14630  1.3185378e-01
       14640  1.3173628e-01
       14650  1.3161877e-01
       14660  1.3150127e-01
       14670  1.3138376e-01
       14680  1.3126625e-01
       14690  1.3114875e-01
       14700  1.3103124e-01
       14710  1.3091374e-01
       14720  1.3079623e-01
       14730  1.3067872e-01
       14740  1.3056122e-01
       14750  1.3044371e-01
       14760  1.3032621e-01
       14770  1.3020870e-01
       14780  1.3009119e-01
       14790  1.2997369e-01
       14800  1.2985618e-01
       14810  1.2973868e-01
       14820  1.2962117e-01
       14830  1.2950366e-01
       14840  1.2938616e-01
       14850  1.2926865e-01
       14860  1.2915115e-01
       14870  1.2903364e-01
       14880  1.2891613e-01
       14890  1.2879863e-01
       14900  1.2868112e-01
       14910  1.2856362e-01
       14920  1.2844611e-01
       14930  1.2832860e-01
       14940  1.2821110e-01
       14950  1.2809359e-01
       14960  1.2797608e-01
       14970  1.2785858e-01
       14980  1.2774107e-01
       14990  1.2762357e-01
       15000  1.2750606e-01
       15010  1.2738855e-01
       15020  1.2727105e-01
       15030  1.2715354e-01
       15040  1.2703604e-01
       15050  1.2691853e-01
       15060  1.2680102e-01
       15070  1.2668352e-01
       15080  1.2656601e-01
       15090  1.2644851e-01
       15100  1.2633100e-01
       15110  1.2621349e-01
       15120  1.2609599e-01
       15130  1.2597848e-01
       15140  1.2586098e-01
       15150  1.2574347e-01
       15160  1.2562596e-01
       15170  1.2550846e-01
       15180  1.2539095e-01
       15190  1.2527345e-01
       15200  1.2515594e-01
       15210  1.2503843e-01
       15220  1.2492093e-01
       15230  1.2480342e-01
       15240  1.2468592e-01
       15250  1.2456841e-01
       15260  1.2445090e-01
       15270  1.2433340e-01
       15280  1.2421589e-01
       15290  1.2409838e-01
       15300  1.2398088e-01
       15310  1.2386337e-01
       15320  1.2374587e-01
       15330  1.2362836e-01
       15340  1.2351085e-01
       15350  1.2339335e-01
       15360  1.2327584e-01
       15370  1.2315834e-01
       15380  1.2304083e-01
       15390  1.2292332e-01
       15400  1.2280582e-01
       15410  1.2268831e-01
       15420  1.2257081e-01
       15430  1.2245330e-01
       15440  1.2233579e-01
       15450  1.2221829e-01
       15460  1.2210078e-01
       15470  1.2198328e-01
       15480  1.2186577e-01
       15490  1.2174826e-01
       15500  1.2163076e-01
       15510  1.2151325e-01
       15520  1.2139575e-01
       15530  1.2127824e-01
       15540  1.2116073e-01
       15550  1.2104323e-01
       15560  1.2092572e-01
       15570  1.2080822e-01
       15580  1.2069071e-01
       15590  1.2057320e-01
       15600  1.2045570e-01
       15610  1.2033819e-01
       15620  1.2022068e-01
       15630  1.2010318e-01
       15640  1.1998567e-01
       15650  1.1986817e-01
       15660  1.1975066e-01
       15670  1.1963315e-01
       15680  1.1951565e-01
       15690  1.1939814e-01
       15700  1.1928064e-01
       15710  1.1916313e-01
       15720  1.1904562e-01
       15730  1.1892812e-01
       15740  1.1881061e-01
       15750  1.1869311e-01
       15760  1.1857560e-01
       15770  1.1845809e-01
       15780  1.1834059e-01
       15790  1.1822308e-01
       15800  1.1810558e-01
       15810  1.1798807e-01
       15820  1.1787056e-01
       15830  1.1775306e-01
       15840  1.1763555e-01
       15850  1.1751805e-01
       15860  1.1740054e-01
       15870  1.1728303e-01
       15880  1.1716553e-01
       15890  1.1704802e-01
       15900  1.1693052e-01
       15910  1.1681301e-01
       15920  1.1669550e-01
       15930  1.1657800e-01
       15940  1.1646049e-01
       15950  1.1634298e-01
       15960  1.1622548e-01
       15970  1.1610797e-01
       15980  1.1599047e-01
       15990  1.1587296e-01
       16000  1.1575545e-01
       16010  1.1563795e-01
       16020  1.1552044e-01
       16030  1.1540294e-01
       16040  1.1528543e-01
       16050  1.1516792e-01
       16060  1.1505042e-01
       16070  1.1493291e-01
       16080  1.1481541e-01
       16090  1.1469790e-01
       16100  1.1458039e-01
       16110  1.1446289e-01
       16120  1.1434538e-01
       16130  1.1422788e-01
       16140  1.1411037e-01
       16150  1.1399286e-01
       16160  1.1387536e-01
       16170  1.1375785e-01
       16180  1.1364035e-01
       16190  1.1352284e-01
       16200  1.1340533e-01
       16210  1.1328783e-01
       16220  1.1317032e-01
       16230  1.1305282e-01
       16240  1.1293531e-01
       16250  1.1281780e-01
       16260  1.1270030e-01
       16270  1.1258279e-01
       16280  1.1246528e-01
       16290  1.1234778e-01
       16300  1.1223027e-01
       16310  1.1211277e-01
       16320  1.1199526e-01
       16330  1.1187775e-01
       16340  1.1176025e-01
       16350  1.1164274e-01
       16360  1.1152524e-01
       16370  1.1140773e-01
       16380  1.1129022e-01
       16390  1.1117272e-01
       16400  1.1105521e-01
       16410  1.1093771e-01
       16420  1.1082020e-01
       16430  1.1070269e-01
       16440  1.1058519e-01
       16450  1.1046768e-01
       16460  1.1035018e-01
       16470  1.1023267e-01
       16480  1.1011516e-01
       16490  1.0999766e-01
       16500  1.0988015e-01
       16510  1.0976265e-01
       16520  1.0964514e-01
       16530  1.0952763e-01
       16540  1.0941013e-01
       16550  1.0929262e-01
       16560  1.0917512e-01
       16570  1.0905761e-01
       16580  1.0894010e-01
       16590  1.0882260e-01
       16600  1.0870509e-01
       16610  1.0858758e-01
       16620  1.0847008e-01
       16630  1.0835257e-01
       16640  1.0823507e-01
       16650  1.0811756e-01
       16660  1.0800005e-01
       16670  1.0788255e-01
       16680  1.0776504e-01
       16690  1.0764754e-01
       16700  1.0753003e-01
       16710  1.0741252e-01
       16720  1.0729502e-01
       16730  1.0717751e-01
       16740  1.0706001e-01
       16750  1.0694250e-01
       16760  1.0682499e-01
       16770  1.0670749e-01
       16780  1.0658998e-01
       16790  1.0647248e-01
       16800  1.0635497e-01
       16810  1.0623746e-01
       16820  1.0611996e-01
       16830  1.0600245e-01
       16840  1.0588495e-01
       16850  1.0576744e-01
       16860  1.0564993e-01
       16870  1.0553243e-01
       16880  1.0541492e-01
       16890  1.0529742e-01
       16900  1.0517991e-01
       16910  1.0506240e-01
       16920  1.0494490e-01
       16930  1.0482739e-01
       16940  1.0470988e-01
       16950  1.0459238e-01
       16960  1.0447487e-01
       16970  1.0435737e-01
       16980  1.0423986e-01
       16990  1.0412235e-01
       17000  1.0400485e-01
       17010  1.0388734e-01
       17020  1.0376984e-01
       17030  1.0365233e-01
       17040  1.0353482e-01
       17050  1.0341732e-01
       17060  1.0329981e-01
       17070  1.0318231e-01
       17080  1.0306480e-01
       17090  1.0294729e-01
       17100  1.0282979e-01
       17110  1.0271228e-01
       17120  1.0259478e-01
       17130  1.0247727e-01
       17140  1.0235976e-01
       17150  1.0224226e-01
       17160  1.0212475e-01
       17170  1.0200725e-01
       17180  1.0188974e-01
       17190  1.0177223e-01
       17200  1.0165473e-01
       17210  1.0153722e-01
       17220  1.0141972e-01
       17230  1.0130221e-01
       17240  1.0118470e-01
       17250  1.0106720e-01
       17260  1.0094969e-01
       17270  1.0083218e-01
       17280  1.0071468e-01
       17290  1.0059717e-01
       17300  1.0047967e-01
       17310  1.0036216e-01
       17320  1.0024465e-01
       17330  1.0012715e-01
       17340  1.0000964e-01
       17350  9.9892136e-02
       17360  9.9774630e-02
       17370  9.9657124e-02
       17380  9.9539618e-02
       17390  9.9422112e-02
       17400  9.9304606e-02
       17410  9.9187100e-02
       17420  9.9069594e-02
       17430  9.8952088e-02
       17440  9.8834582e-02
       17450  9.8717076e-02
       17460  9.8599570e-02
       17470  9.8482064e-02
       17480  9.8364558e-02
       17490  9.8247052e-02
       17500  9.8129545e-02
       17510  9.8012039e-02
       17520  9.7894533e-02
       17530  9.7777027e-02
       17540  9.7659521e-02
       17550  9.7542015e-02
       17560  9.7424509e-02
       17570  9.7307003e-02
       17580  9.7189497e-02
       17590  9.7071991e-02
       17600  9.6954485e-02
       17610  9.6836979e-02
       17620  9.6719473e-02
       17630  9.6601967e-02
       17640  9.6484461e-02
       17650  9.6366955e-02
       17660  9.6249448e-02
       17670  9.6131942e-02
       17680  9.6014436e-02
       17690  9.5896930e-02
       17700  9.5779424e-02
       17710  9.5661918e-02
       17720  9.5544412e-02
       17730  9.5426906e-02
       17740  9.5309400e-02
       17750  9.5191894e-02
       17760  9.5074388e-02
       17770  9.4956882e-02
       17780  9.4839376e-02
       17790  9.4721870e-02
       17800  9.4604364e-02
       17810  9.4486858e-02
       17820  9.4369352e-02
       17830  9.4251845e-02
       17840  9.4134339e-02
       17850  9.4016833e-02
       17860  9.3899327e-02
       17870  9.3781821e-02
       17880  9.3664315e-02
       17890  9.3546809e-02
       17900  9.3429303e-02
       17910  9.3311797e-02
       17920  9.3194291e-02
       17930  9.3076785e-02
       17940  9.2959279e-02
       17950  9.2841773e-02
       17960  9.2724267e-02
       17970  9.2606761e-02
       17980  9.2489255e-02
       17990  9.2371748e-02
       18000  9.2254242e-02
       18010  9.2136736e-02
       18020  9.2019230e-02
       18030  9.1901724e-02
       18040  9.1784218e-02
       18050  9.1666712e-02
       18060  9.1549206e-02
       18070  9.1431700e-02
       18080  9.1314194e-02
       18090  9.1196688e-02
       18100  9.1079182e-02
       18110  9.0961676e-02
       18120  9.0844170e-02
       18130  9.0726664e-02
       18140  9.0609158e-02
       18150  9.0491652e-02
       18160  9.0374145e-02
       18170  9.0256639e-02
       18180  9.0139133e-02
       18190  9.0021627e-02
       18200  8.9904121e-02
       18210  8.9786615e-02
       18220  8.9669109e-02
       18230  8.9551603e-02
       18240  8.9434097e-02
       18250  8.9316591e-02
       18260  8.9199085e-02
       18270  8.9081579e-02
       18280  8.8964073e-02
       18290  8.8846567e-02
       18300  8.8729061e-02
       18310  8.8611555e-02
       18320  8.8494048e-02
       18330  8.8376542e-02
       18340  8.8259036e-02
       18350  8.8141530e-02
       18360  8.8024024e-02
       18370  8.7906518e-02
       18380  8.7789012e-02
       18390  8.7671506e-02
       18400  8.7554000e-02
       18410  8.7436494e-02
       18420  8.7318988e-02
       18430  8.7201482e-02
       18440  8.7083976e-02
       18450  8.6966470e-02
       18460  8.6848964e-02
       18470  8.6731458e-02
       18480  8.6613952e-02
       18490  8.6496445e-02
       18500  8.6378939e-02
       18510  8.6261433e-02
       18520  8.6143927e-02
       18530  8.6026421e-02
       18540  8.5908915e-02
       18550  8.5791409e-02
       18560  8.5673903e-02
       18570  8.5556397e-02
       18580  8.5438891e-02
       18590  8.5321385e-02
       18600  8.5203879e-02
       18610  8.5086373e-02
       18620  8.4968867e-02
       18630  8.4851361e-02
       18640  8.4733855e-02
       18650  8.4616348e-02
       18660  8.4498842e-02
       18670  8.4381336e-02
       18680  8.4263830e-02
       18690  8.4146324e-02
       18700  8.4028818e-02
       18710  8.3911312e-02
       18720  8.3793806e-02
       18730  8.3676300e-02
       18740  8.3558794e-02
       18750  8.3441288e-02
       18760  8.3323782e-02
       18770  8.3206276e-02
       18780  8.3088770e-02
       18790  8.2971264e-02
       18800  8.2853758e-02
       18810  8.2736252e-02
       18820  8.2618745e-02
       18830  8.2501239e-02
       18840  8.2383733e-02
       18850  8.2266227e-02
       18860  8.2148721e-02
       18870  8.2031215e-02
       18880  8.1913709e-02
       18890  8.1796203e-02
       18900  8.1678697e-02
       18910  8.1561191e-02
       18920  8.1443685e-02
       18930  8.1326179e-02
       18940  8.1208673e-02
       18950  8.1091167e-02
       18960  8.0973661e-02
       18970  8.0856155e-02
       18980  8.0738648e-02
       18990  8.0621142e-02
       19000  8.0503636e-02
       19010  8.0386130e-02
       19020  8.0268624e-02
       19030  8.0151118e-02
       19040  8.0033612e-02
       19050  7.9916106e-02
       19060  7.9798600e-02
       19070  7.9681094e-02
       19080  7.9563588e-02
       19090  7.9446082e-02
       19100  7.9328576e-02
       19110  7.9211070e-02
       19120  7.9093564e-02
       19130  7.8976058e-02
       19140  7.8858552e-02
       19150  7.8741045e-02
       19160  7.8623539e-02
       19170  7.8506033e-02
       19180  7.8388527e-02
       19190  7.8271021e-02
       19200  7.8153515e-02
       19210  7.8036009e-02
       19220  7.7918503e-02
       19230  7.7800997e-02
       19240  7.7683491e-02
       19250  7.7565985e-02
       19260  7.7448479e-02
       19270  7.7330973e-02
       19280  7.7213467e-02
       19290  7.7095961e-02
       19300  7.6978455e-02
       19310  7.6860948e-02
       19320  7.6743442e-02
       19330  7.6625936e-02
       19340  7.6508430e-02
       19350  7.6390924e-02
       19360  7.6273418e-02
       19370  7.6155912e-02
       19380  7.6038406e-02
       19390  7.5920900e-02
       19400  7.5803394e-02
       19410  7.5685888e-02
       19420  7.5568382e-02
       19430  7.5450876e-02
       19440  7.5333370e-02
       19450  7.5215864e-02
       19460  7.5098358e-02
       19470  7.4980852e-02
       19480  7.4863345e-02
       19490  7.4745839e-02
       19500  7.4628333e-02
       19510  7.4510827e-02
       19520  7.4393321e-02
       19530  7.4275815e-02
       19540  7.4158309e-02
       19550  7.4040803e-02
       19560  7.3923297e-02
       19570  7.3805791e-02
       19580  7.3688285e-02
       19590  7.3570779e-02
       19600  7.3453273e-02
       19610  7.3335767e-02
       19620  7.3218261e-02
       19630  7.3100755e-02
       19640  7.2983248e-02
       19650  7.2865742e-02
       19660  7.2748236e-02
       19670  7.2630730e-02
       19680  7.2513224e-02
       19690  7.2395718e-02
       19700  7.2278212e-02
       19710  7.2160706e-02
       19720  7.2043200e-02
       19730  7.1925694e-02
       19740  7.1808188e-02
       19750  7.1690682e-02
       19760  7.1573176e-02
       19770  7.1455670e-02
       19780  7.1338164e-02
       19790  7.1220658e-02
       19800  7.1103152e-02
       19810  7.0985645e-02
       19820  7.0868139e-02
       19830  7.0750633e-02
       19840  7.0633127e-02
       19850  7.0515621e-02
       19860  7.0398115e-02
       19870  7.0280609e-02
       19880  7.0163103e-02
       19890  7.0045597e-02
       19900  6.9928091e-02
       19910  6.9810585e-02
       19920  6.9693079e-02
       19930  6.9575573e-02
       19940  6.9458067e-02
       19950  6.9340561e-02
       19960  6.9223055e-02
       19970  6.9105548e-02
       19980  6.8988042e-02
       19990  6.8870536e-02
       20000  6.8753030e-02
       20010  6.8635524e-02
       20020  6.8518018e-02
       20030  6.8400512e-02
       20040  6.8283006e-02
       20050  6.8165500e-02
       20060  6.8047994e-02
       20070  6.7930488e-02
       20080  6.7812982e-02
       20090  6.7695476e-02
       20100  6.7577970e-02
       20110  6.7460464e-02
       20120  6.7342958e-02
       20130  6.7225452e-02
       20140  6.7107945e-02
       20150  6.6990439e-02
       20160  6.6872933e-02
       20170  6.6755427e-02
       20180  6.6637921e-02
       20190  6.6520415e-02
       20200  6.6402909e-02
       20210  6.6285403e-02
       20220  6.6167897e-02
       20230  6.6050391e-02
       20240  6.5932885e-02
       20250  6.5815379e-02
       20260  6.5697873e-02
       20270  6.5580367e-02
       20280  6.5462861e-02
       20290  6.5345355e-02
       20300  6.5227848e-02
       20310  6.5110342e-02
       20320  6.4992836e-02
       20330  6.4875330e-02
       20340  6.4757824e-02
       20350  6.4640318e-02
       20360  6.4522812e-02
       20370  6.4405306e-02
       20380  6.4287800e-02
       20390  6.4170294e-02
       20400  6.4052788e-02
       20410  6.3935282e-02
       20420  6.3817776e-02
       20430  6.3700270e-02
       20440  6.3582764e-02
       20450  6.3465258e-02
       20460  6.3347752e-02
       20470  6.3230245e-02
       20480  6.3112739e-02
       20490  6.2995233e-02
       20500  6.2877727e-02
       20510  6.2760221e-02
       20520  6.2642715e-02
       20530  6.2525209e-02
       20540  6.2407703e-02
       20550  6.2290197e-02
       20560  6.2172691e-02
       20570  6.2055185e-02
       20580  6.1937679e-02
       20590  6.1820173e-02
       20600  6.1702667e-02
       20610  6.1585161e-02
       20620  6.1467655e-02
       20630  6.1350148e-02
       20640  6.1232642e-02
       20650  6.1115136e-02
       20660  6.0997630e-02
       20670  6.0880124e-02
       20680  6.0762618e-02
       20690  6.0645112e-02
       20700  6.0527606e-02
       20710  6.0410100e-02
       20720  6.0292594e-02
       20730  6.0175088e-02
       20740  6.0057582e-02
       20750  5.9940076e-02
       20760  5.9822570e-02
       20770  5.9705064e-02
       20780  5.9587558e-02
       20790  5.9470052e-02
       20800  5.9352545e-02
       20810  5.9235039e-02
       20820  5.9117533e-02
       20830  5.9000027e-02
       20840  5.8882521e-02
       20850  5.8765015e-02
       20860  5.8647509e-02
       20870  5.8530003e-02
       20880  5.8412497e-02
       20890  5.8294991e-02
       20900  5.8177485e-02
       20910  5.8059979e-02
       20920  5.7942473e-02
       20930  5.7824967e-02
       20940  5.7707461e-02
       20950  5.7589955e-02
       20960  5.7472448e-02
       20970  5.7354942e-02
       20980  5.7237436e-02
       20990  5.7119930e-02
       21000  5.7002424e-02
       21010  5.6884918e-02
       21020  5.6767412e-02
       21030  5.6649906e-02
       21040  5.6532400e-02
       21050  5.6414894e-02
       21060  5.6297388e-02
       21070  5.6179882e-02
       21080  5.6062376e-02
       21090  5.5944870e-02
       21100  5.5827364e-02
       21110  5.5709858e-02
       21120  5.5592352e-02
       21130  5.5474845e-02
       21140  5.5357339e-02
       21150  5.5239833e-02
       21160  5.5122327e-02
       21170  5.5004821e-02
       21180  5.4887315e-02
       21190  5.4769809e-02
       21200  5.4652303e-02
       21210  5.4534797e-02
       21220  5.4417291e-02
       21230  5.4299785e-02
       21240  5.4182279e-02
       21250  5.4064773e-02
       21260  5.3947267e-02
       21270  5.3829761e-02
       21280  5.3712255e-02
       21290  5.3594748e-02
       21300  5.3477242e-02
       21310  5.3359736e-02
       21320  5.3242230e-02
       21330  5.3124724e-02
       21340  5.3007218e-02
       21350  5.2889712e-02
       21360  5.2772206e-02
       21370  5.2654700e-02
       21380  5.2537194e-02
       21390  5.2419688e-02
       21400  5.2302182e-02
       21410  5.2184676e-02
       21420  5.2067170e-02
       21430  5.1949664e-02
       21440  5.1832158e-02
       21450  5.1714652e-02
       21460  5.1597145e-02
       21470  5.1479639e-02
       21480  5.1362133e-02
       21490  5.1244627e-02
       21500  5.1127121e-02
       21510  5.1009615e-02
       21520  5.0892109e-02
       21530  5.0774603e-02
       21540  5.0657097e-02
       21550  5.0539591e-02
       21560  5.0422085e-02
       21570  5.0304579e-02
       21580  5.0187073e-02
       21590  5.0069567e-02
       21600  4.9952061e-02
       21610  4.9834555e-02
       21620  4.9717048e-02
       21630  4.9599542e-02
       21640  4.9482036e-02
       21650  4.9364530e-02
       21660  4.9247024e-02
       21670  4.9129518e-02
       21680  4.9012012e-02
       21690  4.8894506e-02
       21700  4.8777000e-02
       21710  4.8659494e-02
       21720  4.8541988e-02
       21730  4.8424482e-02
       21740  4.8306976e-02
       21750  4.8189470e-02
       21760  4.8071964e-02
       21770  4.7954458e-02
       21780  4.7836952e-02
       21790  4.7719445e-02
       21800  4.7601939e-02
       21810  4.7484433e-02
       21820  4.7366927e-02
       21830  4.7249421e-02
       21840  4.7131915e-02
       21850  4.7014409e-02
       21860  4.6896903e-02
       21870  4.6779397e-02
       21880  4.6661891e-02
       21890  4.6544385e-02
       21900  4.6426879e-02
       21910  4.6309373e-02
       21920  4.6191867e-02
       21930  4.6074361e-02
       21940  4.5956855e-02
       21950  4.5839348e-02
       21960  4.5721842e-02
       21970  4.5604336e-02
       21980  4.5486830e-02
       21990  4.5369324e-02
       22000  4.5251818e-02
       22010  4.5134312e-02
       22020  4.5016806e-02
       22030  4.4899300e-02
       22040  4.4781794e-02
       22050  4.4664288e-02
       22060  4.4546782e-02
       22070  4.4429276e-02
       22080  4.4311770e-02
       22090  4.4194264e-02
       22100  4.4076758e-02
       22110  4.3959252e-02
       22120  4.3841745e-02
       22130  4.3724239e-02
       22140  4.3606733e-02
       22150  4.3489227e-02
       22160  4.3371721e-02
       22170  4.3254215e-02
       22180  4.3136709e-02
       22190  4.3019203e-02
       22200  4.2901697e-02
       22210  4.2784191e-02
       22220  4.2666685e-02
       22230  4.2549179e-02
       22240  4.2431673e-02
       22250  4.2314167e-02
       22260  4.2196661e-02
       22270  4.2079155e-02
       22280  4.1961648e-02
       22290  4.1844142e-02
       22300  4.1726636e-02
       22310  4.1609130e-02
       22320  4.1491624e-02
       22330  4.1374118e-02
       22340  4.1256612e-02
       22350  4.1139106e-02
       22360  4.1021600e-02
       22370  4.0904094e-02
       22380  4.0786588e-02
       22390  4.0669082e-02
       22400  4.0551576e-02
       22410  4.0434070e-02
       22420  4.0316564e-02
       22430  4.0199058e-02
       22440  4.0081552e-02
       22450  3.9964045e-02
       22460  3.9846539e-02
       22470  3.9729033e-02
       22480  3.9611527e-02
       22490  3.9494021e-02
       22500  3.9376515e-02
       22510  3.9259009e-02
       22520  3.9141503e-02
       22530  3.9023997e-02
       22540  3.8906491e-02
       22550  3.8788985e-02
       22560  3.8671479e-02
       22570  3.8553973e-02
       22580  3.8436467e-02
       22590  3.8318961e-02
       22600  3.8201455e-02
       22610  3.8083948e-02
       22620  3.7966442e-02
       22630  3.7848936e-02
       22640  3.7731430e-02
       22650  3.7613924e-02
       22660  3.7496418e-02
       22670  3.7378912e-02
       22680  3.7261406e-02
       22690  3.7143900e-02
       22700  3.7026394e-02
       22710  3.6908888e-02
       22720  3.6791382e-02
       22730  3.6673876e-02
       22740  3.6556370e-02
       22750  3.6438864e-02
       22760  3.6321358e-02
       22770  3.6203852e-02
       22780  3.6086345e-02
       22790  3.5968839e-02
       22800  3.5851333e-02
       22810  3.5733827e-02
       22820  3.5616321e-02
       22830  3.5498815e-02
       22840  3.5381309e-02
       22850  3.5263803e-02
       22860  3.5146297e-02
       22870  3.5028791e-02
       22880  3.4911285e-02
       22890  3.4793779e-02
       22900  3.4676273e-02
       22910  3.4558767e-02
       22920  3.4441261e-02
       22930  3.4323755e-02
       22940  3.4206248e-02
       22950  3.4088742e-02
       22960  3.3971236e-02
       22970  3.3853730e-02
       22980  3.3736224e-02
       22990  3.3618718e-02
       23000  3.3501212e-02
       23010  3.3383706e-02
       23020  3.3266200e-02
       23030  3.3148694e-02
       23040  3.3031188e-02
       23050  3.2913682e-02
       23060  3.2796176e-02
       23070  3.2678670e-02
       23080  3.2561164e-02
       23090  3.2443658e-02
       23100  3.2326152e-02
       23110  3.2208645e-02
       23120  3.2091139e-02
       23130  3.1973633e-02
       23140  3.1856127e-02
       23150  3.1738621e-02
       23160  3.1621115e-02
       23170  3.1503609e-02
       23180  3.1386103e-02
       23190  3.1268597e-02
       23200  3.1151091e-02
       23210  3.1033585e-02
       23220  3.0916079e-02
       23230  3.0798573e-02
       23240  3.0681067e-02
       23250  3.0563561e-02
       23260  3.0446055e-02
       23270  3.0328548e-02
       23280  3.0211042e-02
       23290  3.0093536e-02
       23300  2.9976030e-02
       23310  2.9858524e-02
       23320  2.9741018e-02
       23330  2.9623512e-02
       23340  2.9506006e-02
       23350  2.9388500e-02
       23360  2.9270994e-02
       23370  2.9153488e-02
       23380  2.9035982e-02
       23390  2.8918476e-02
       23400  2.8800970e-02
       23410  2.8683464e-02
       23420  2.8565958e-02
       23430  2.8448452e-02
       23440  2.8330945e-02
       23450  2.8213439e-02
       23460  2.8095933e-02
       23470  2.7978427e-02
       23480  2.7860921e-02
       23490  2.7743415e-02
       23500  2.7625909e-02
       23510  2.7508403e-02
       23520  2.7390897e-02
       23530  2.7273391e-02
       23540  2.7155885e-02
       23550  2.7038379e-02
       23560  2.6920873e-02
       23570  2.6803367e-02
       23580  2.6685861e-02
       23590  2.6568355e-02
       23600  2.6450848e-02
       23610  2.6333342e-02
       23620  2.6215836e-02
       23630  2.6098330e-02
       23640  2.5980824e-02
       23650  2.5863318e-02
       23660  2.5745812e-02
       23670  2.5628306e-02
       23680  2.5510800e-02
       23690  2.5393294e-02
       23700  2.5275788e-02
       23710  2.5158282e-02
       23720  2.5040776e-02
       23730  2.4923270e-02
       23740  2.4805764e-02
       23750  2.4688258e-02
       23760  2.4570752e-02
       23770  2.4453245e-02
       23780  2.4335739e-02
       23790  2.4218233e-02
       23800  2.4100727e-02
       23810  2.3983221e-02
       23820  2.3865715e-02
       23830  2.3748209e-02
       23840  2.3630703e-02
       23850  2.3513197e-02
       23860  2.3395691e-02
       23870  2.3278185e-02
       23880  2.3160679e-02
       23890  2.3043173e-02
       23900  2.2925667e-02
       23910  2.2808161e-02
       23920  2.2690655e-02
       23930  2.2573148e-02
       23940  2.2455642e-02
       23950  2.2338136e-02
       23960  2.2220630e-02
       23970  2.2103124e-02
       23980  2.1985618e-02
       23990  2.1868112e-02
       24000  2.1750606e-02
       24010  2.1633100e-02
       24020  2.1515594e-02
       24030  2.1398088e-02
       24040  2.1280582e-02
       24050  2.1163076e-02
       24060  2.1045570e-02
       24070  2.0928064e-02
       24080  2.0810558e-02
       24090  2.0693052e-02
       24100  2.0575545e-02
       24110  2.0458039e-02
       24120  2.0340533e-02
       24130  2.0223027e-02
       24140  2.0105521e-02
       24150  1.9988015e-02
       24160  1.9870509e-02
       24170  1.9753003e-02
       24180  1.9635497e-02
       24190  1.9517991e-02
       24200  1.9400485e-02
       24210  1.9282979e-02
       24220  1.9165473e-02
       24230  1.9047967e-02
       24240  1.8930461e-02
       24250  1.8812955e-02
       24260  1.8695448e-02
       24270  1.8577942e-02
       24280  1.8460436e-02
       24290  1.8342930e-02
       24300  1.8225424e-02
       24310  1.8107918e-02
       24320  1.7990412e-02
       24330  1.7872906e-02
       24340  1.7755400e-02
       24350  1.7637894e-02
       24360  1.7520388e-02
       24370  1.7402882e-02
       24380  1.7285376e-02
       24390  1.7167870e-02
       24400  1.7050364e-02
       24410  1.6932858e-02
       24420  1.6815352e-02
       24430  1.6697845e-02
       24440  1.6580339e-02
       24450  1.6462833e-02
       24460  1.6345327e-02
       24470  1.6227821e-02
       24480  1.6110315e-02
       24490  1.5992809e-02
       24500  1.5875303e-02
       24510  1.5757797e-02
       24520  1.5640291e-02
       24530  1.5522785e-02
       24540  1.5405279e-02
       24550  1.5287773e-02
       24560  1.5170267e-02
       24570  1.5052761e-02
       24580  1.4935255e-02
       24590  1.4817748e-02
       24600  1.4700242e-02
       24610  1.4582736e-02
       24620  1.4465230e-02
       24630  1.4347724e-02
       24640  1.4230218e-02
       24650  1.4112712e-02
       24660  1.3995206e-02
       24670  1.3877700e-02
       24680  1.3760194e-02
       24690  1.3642688e-02
       24700  1.3525182e-02
       24710  1.3407676e-02
       24720  1.3290170e-02
       24730  1.3172664e-02
       24740  1.3055158e-02
       24750  1.2937652e-02
       24760  1.2820145e-02
       24770  1.2702639e-02
       24780  1.2585133e-02
       24790  1.2467627e-02
       24800  1.2350121e-02
       24810  1.2232615e-02
       24820  1.2115109e-02
       24830  1.1997603e-02
       24840  1.1880097e-02
       24850  1.1762591e-02
       24860  1.1645085e-02
       24870  1.1527579e-02
       24880  1.1410073e-02
       24890  1.1292567e-02
       24900  1.1175061e-02
       24910  1.1057555e-02
       24920  1.0940048e-02
       24930  1.0822542e-02
       24940  1.0705036e-02
       24950  1.0587530e-02
       24960  1.0470024e-02
       24970  1.0352518e-02
       24980  1.0235012e-02
       24990  1.0117506e-02
